timestamp,true_irradiance,true_ambient_temp,true_panel_temp,true_voltage,true_current,true_power,true_efficiency,true_energy,measured_irradiance,measured_temperature,measured_voltage,measured_current,measured_power,measured_energy,ghi,cloud_factor,dust_factor,shading_factor,solar_zenith
2024-06-15 00:00:00+00:00,0.0,26.821525453059483,26.34238764886613,27.887239437495243,0.0,0.0,0.0,0.0,21.689440993414195,26.11345504570035,27.936085338829596,0.023138753846085477,0.0,0.0,0.0,0.6800752463078832,0.97,0.1,149.04236477353575
2024-06-15 00:05:00+00:00,0.0,28.128502891874195,27.738499818006623,27.76996601528744,0.0,0.0,0.0,0.0,1.5345770946042265,27.42707047693058,27.905601679303214,0.021556630882477563,0.3122704480312759,0.026022537335939656,0.0,0.6816041718580417,0.9699652777777777,0.1,149.1768685846622
2024-06-15 00:10:00+00:00,0.0,28.047097904548735,28.047097904548735,27.744043776017904,0.0,0.0,0.0,0.0,4.901291666461313,28.114742917763508,27.62693789974749,0.041980451137931446,0.0,0.026022537335939656,0.0,0.6625597887052602,0.9699305555555555,0.1,149.26335596057493
2024-06-15 00:15:00+00:00,0.0,27.11220315747737,26.924032524900912,27.83838126790832,0.0,0.0,0.0,0.0,17.046935919636958,27.34598382180426,27.656646643283253,0.006037907505324002,0.0,0.026022537335939656,0.0,0.6197132778438836,0.9698958333333333,0.1,149.30142008853844
2024-06-15 00:20:00+00:00,0.0,27.80588748915699,27.025677326306198,27.829843104590275,0.0,0.0,0.0,0.0,12.363659036519534,26.951427982229188,27.431475462366002,0.05725192189535741,0.0,0.026022537335939656,0.0,0.6167195528280927,0.9698611111111111,0.1,149.29088054528165
2024-06-15 00:25:00+00:00,0.0,27.034841951357105,26.70099845137289,27.85711613008468,0.0,0.0,0.0,0.0,8.684347656672573,26.83224034230102,28.05144072648192,0.0,0.0,0.026022537335939656,0.0,0.6575887198000632,0.9698263888888888,0.1,149.2317874943386
2024-06-15 00:30:00+00:00,0.0,26.123601180615534,25.533453261201323,27.955189926059088,0.0,0.0,0.0,0.0,0.0,25.79928728022666,27.958521386174297,0.0,0.0,0.026022537335939656,0.0,0.6517196149448087,0.9697916666666666,0.1,149.1244204939769
2024-06-15 00:35:00+00:00,0.0,27.30974601545482,27.157417372948633,27.81877694067231,0.0,0.0,0.0,0.0,0.0,27.502321022883507,27.859923209661677,0.030975776279011283,0.0,0.026022537335939656,0.0,0.6344798657905539,0.9697569444444444,0.1,148.96928202538382
2024-06-15 00:40:00+00:00,0.0,26.6533795355055,25.793703164915694,27.93332893414708,0.0,0.0,0.0,0.0,5.642533442899021,25.347753831400155,27.77660995884596,0.0,0.0,0.026022537335939656,0.0,0.691027623686305,0.9697222222222222,0.1,148.76708584087248
2024-06-15 00:45:00+00:00,0.0,26.478968681298536,26.014975596312205,27.914742049909773,0.0,0.0,0.0,0.0,0.0,26.249385808474226,28.160041655766964,0.002169944183548256,2.071069088726796,0.19861162806317265,0.0,0.6872673413012171,0.9696874999999999,0.1,148.51874119806683
2024-06-15 00:50:00+00:00,0.0,27.88950101545553,27.316990916334646,27.805372763027886,0.0,0.0,0.0,0.0,12.40852298248612,27.308097102109574,27.99401287856349,0.07674962585112367,0.0,0.19861162806317265,0.0,0.6303847605996303,0.9696527777777777,0.1,148.22533316426106
2024-06-15 00:55:00+00:00,0.0,23.908679181986553,22.82723423401613,28.182512324342643,0.0,0.0,0.0,0.0,3.1688167207616287,22.526519384872792,28.158147548045104,0.005285219580127506,3.549542890048094,0.4944068689005138,0.0,0.649464446563762,0.9696180555555556,0.1,147.88810049185767
2024-06-15 01:00:00+00:00,0.0,24.888983393238814,24.009873368091462,28.08317063708032,0.0,0.0,0.0,0.0,0.0,23.671055855903468,27.97199794549986,0.0,0.0,0.4944068689005138,0.0,0.6859099808080329,0.9695833333333334,0.1,147.50841192943997
2024-06-15 01:05:00+00:00,0.0,25.070850945306276,24.647492350628042,28.029610642547244,0.0,0.0,0.0,0.0,4.015878942617402,24.533884684369948,27.958272365735528,0.05646883489218986,0.0,0.4944068689005138,0.0,0.6748659859802442,0.9695486111111111,0.1,147.08774133010277
2024-06-15 01:10:00+00:00,0.0,25.850075288351796,25.498380334569386,27.95813605189617,0.0,0.0,0.0,0.0,10.637707122066935,25.00160263240174,27.798410943411238,0.0,0.0,0.4944068689005138,0.0,0.7043344832406394,0.9695138888888889,0.1,146.62764367065682
2024-06-15 01:15:00+00:00,0.0,25.918324306604895,25.49971055948478,27.958024313003275,0.0,0.0,0.0,0.0,2.6628017442204737,24.770259116045565,27.963337142851383,0.0,0.0,0.4944068689005138,0.0,0.7601454638061055,0.9694791666666667,0.1,146.1297311449133
2024-06-15 01:20:00+00:00,0.0,24.629404575117082,24.00193001299795,28.083837878908167,0.0,0.0,0.0,0.0,0.0,24.033808704706615,27.960604334968057,0.053292675646530466,0.7284498541160793,0.555111023410187,0.0,0.7415534417043135,0.9694444444444444,0.1,145.59565173557064
2024-06-15 01:25:00+00:00,0.0,25.119588373479324,24.645894407042043,28.02974486980847,0.0,0.0,0.0,0.0,3.934934995096549,25.033153319247827,28.14685337391688,0.0,3.718387614826005,0.8649766579790208,0.0,0.7399288109623188,0.9694097222222222,0.1,145.02706873797908
2024-06-15 01:30:00+00:00,0.0,25.216154569112135,24.814965605363003,28.01554288914951,0.0,0.0,0.0,0.0,5.355025570819635,24.694399751123253,27.94364917421776,0.012889254621555275,0.24393656932998967,0.8853047054231866,0.0,0.7217040410664055,0.969375,0.1,144.42564365085008
2024-06-15 01:35:00+00:00,0.0,28.51091704807502,27.644121735397757,27.777893774226587,0.0,0.0,0.0,0.0,12.364310639646638,28.014145183799364,27.707102361438714,0.0,1.3915464752751947,1.0012669116961195,0.0,0.720021389827284,0.9693402777777778,0.1,143.79302037568164
2024-06-15 01:40:00+00:00,0.0,27.835989664921435,27.364542137865893,27.801378460419265,0.0,0.0,0.0,0.0,10.83051633988806,27.164559336167898,28.108829061259662,0.07836809287090385,1.804460549981438,1.1516386241945726,0.0,0.6763445521892926,0.9693055555555555,0.1,143.13081257096843
2024-06-15 01:45:00+00:00,0.0,25.607520273167918,24.53262299990859,28.039259668007677,0.0,0.0,0.0,0.0,0.0,24.03494313485614,27.894115763497265,0.0,0.8448000614566322,1.2220386293159586,0.0,0.7114822692871356,0.9692708333333333,0.1,142.4405934284257
2024-06-15 01:50:00+00:00,0.0,25.64498271545648,25.122297074518436,27.98972704574045,0.0,0.0,0.0,0.0,0.0,24.361181747037417,27.67614386815136,0.0,3.805359361169212,1.539151909413393,0.0,0.7025585460176059,0.9692361111111111,0.1,141.72388673259113
2024-06-15 01:55:00+00:00,0.0,24.852937759092523,23.90660816053634,28.091844914514944,0.0,0.0,0.0,0.0,9.085696919299993,23.49648243005591,28.165087952996434,0.0,0.0,1.539151909413393,0.0,0.7075789101713827,0.9692013888888888,0.1,140.98216129633545
2024-06-15 02:00:00+00:00,0.0,24.091869586774735,23.502539731097077,28.125786662587842,0.0,0.0,0.0,0.0,0.0,24.229180924951837,27.710212960305967,0.018688595740336537,0.0,1.539151909413393,0.0,0.7205084235983517,0.9691666666666666,0.1,140.21682567261252
2024-06-15 02:05:00+00:00,0.0,25.885261569872295,25.144521426559933,27.987860200168964,0.0,0.0,0.0,0.0,11.658432164735501,25.03032606487576,28.040735927334108,0.027597041277654256,0.0,1.539151909413393,0.0,0.7232195153428432,0.9691319444444444,0.1,139.42922598073622
2024-06-15 02:10:00+00:00,0.0,25.010714022519252,24.691866785398684,28.02588319002651,0.0,0.0,0.0,0.0,0.0,23.783673968541535,28.22222721840504,0.02117165532166536,0.0,1.539151909413393,0.0,0.7008986815731437,0.9690972222222222,0.1,138.62064343883748
2024-06-15 02:15:00+00:00,0.0,25.934419159190558,25.64785896483741,27.945579846953656,0.0,0.0,0.0,0.0,0.0,25.647222565090413,27.959602853104478,0.07095692570251326,0.0,1.539151909413393,0.0,0.6572760647992464,0.9690624999999999,0.1,137.7922946628496
2024-06-15 02:20:00+00:00,0.0,24.434041868130812,23.819115379377067,28.099194308132326,0.0,0.0,0.0,0.0,21.65009901373735,23.625649820442753,28.101049322991567,0.03359870121511228,1.2105016562286932,1.6400270474324508,0.0,0.6708535341811754,0.9690277777777777,0.1,136.94533126909653
2024-06-15 02:25:00+00:00,0.0,25.291518497688866,24.544380187072537,28.038272064285902,0.0,0.0,0.0,0.0,0.0,24.306979116064497,27.628150193835992,0.0,0.0,1.6400270474324508,0.0,0.5912042724140666,0.9689930555555555,0.1,136.08084126043667
2024-06-15 02:30:00+00:00,0.0,26.225623342938537,25.71555921743842,27.939893025735174,0.0,0.0,0.0,0.0,0.0,25.39527104162912,28.05095376284693,0.0,1.2593494965621475,1.7449728388126298,0.0,0.630895701582697,0.9689583333333333,0.1,135.19985101686225
2024-06-15 02:35:00+00:00,0.0,26.470956003574088,26.292554337345013,27.891425435663017,0.0,0.0,0.0,0.0,4.2211965476580495,25.869938561559163,27.97068394911234,0.0,0.6810415762826983,1.8017263035028546,0.0,0.6645252443295724,0.9689236111111111,0.1,134.30332652649076
2024-06-15 02:40:00+00:00,0.0,26.55420218163214,26.39426677320447,27.882881591050825,0.0,0.0,0.0,0.0,0.0,26.208819820049094,27.648482039375924,0.0,0.0,1.8017263035028546,0.0,0.6845648864573095,0.9688888888888889,0.1,133.3921766841707
2024-06-15 02:45:00+00:00,0.0,24.852443492213887,24.709227592760445,28.02442488220812,0.0,0.0,0.0,0.0,0.0,23.801880013585567,28.40705903165736,0.0,4.165961928126412,2.148889797513389,0.0,0.7165600465185085,0.9688541666666667,0.1,132.4672548874853
2024-06-15 02:50:00+00:00,0.0,27.06802166605616,27.009927194291006,27.83116611567955,0.0,0.0,0.0,0.0,3.7478631805462865,26.436832360492577,27.586362875531506,0.052435120410140104,0.0,2.148889797513389,0.0,0.7920697949094946,0.9688194444444445,0.1,131.52936269642532
2024-06-15 02:55:00+00:00,0.0,25.457709675078796,24.930338335217023,28.005851579841767,0.0,0.0,0.0,0.0,32.05244750895103,24.765638078330518,27.669993507498337,0.0,0.0,2.148889797513389,0.0,0.7457035741624196,0.9687847222222222,0.1,130.57925158412803
2024-06-15 03:00:00+00:00,0.0,26.93952547800569,26.158264497578685,27.90270578220339,0.0,0.0,0.0,0.0,13.794461036051441,26.540389371447134,27.54049422822126,0.05545493179888198,0.0,2.148889797513389,0.0,0.7135902222933191,0.96875,0.1,129.617626694071
2024-06-15 03:05:00+00:00,0.0,26.348912633908448,25.85226658063965,27.928409607226268,0.0,0.0,0.0,0.0,6.568586004288422,26.080944995461493,27.93360378869048,0.05743487449371642,0.9180031227675375,2.225390057744017,0.0,0.7509139870580468,0.9687152777777778,0.1,128.645148672365
2024-06-15 03:10:00+00:00,0.0,25.04015994418801,25.04015994418801,27.996626564688206,0.0,0.0,0.0,0.0,3.8592630922570015,25.966184196675346,28.064200814717626,0.0015588330953442183,0.0,2.225390057744017,0.0,0.6762797800568404,0.9686805555555555,0.1,127.66243670179936
2024-06-15 03:15:00+00:00,0.0,26.16143112996286,25.709121245046497,27.940433815416096,0.0,0.0,0.0,0.0,11.966836046685438,26.313881398109782,28.028628597603024,0.0,1.5774660376765284,2.3568455608837278,0.0,0.6235671201569437,0.9686458333333333,0.1,126.67007147806191
2024-06-15 03:20:00+00:00,0.0,26.90813015499059,26.44882990414874,27.878298288051504,0.0,0.0,0.0,0.0,9.361321976747485,25.51841082410373,27.810826292408407,0.06440355018284914,0.2448488103985231,2.377249628416938,0.0,0.6619024692510084,0.9686111111111111,0.1,125.6685967579196
2024-06-15 03:25:00+00:00,0.0,27.224894556929414,26.200894869373055,27.89912483097266,0.0,0.0,0.0,0.0,0.0,26.463969544338894,27.73658982656549,0.0,0.0,2.377249628416938,0.0,0.6987656441124592,0.9685763888888889,0.1,124.65852278688426
2024-06-15 03:30:00+00:00,0.0,26.544096309954,26.40838078818389,27.88169601379255,0.0,0.0,0.0,0.0,7.605869635524162,26.897950650958755,28.050248930194158,0.023946340397161384,0.0,2.377249628416938,0.0,0.7213137917421918,0.9685416666666666,0.1,123.64032747084084
2024-06-15 03:35:00+00:00,0.0,28.29397557852603,27.89164497917583,27.75710182174923,0.0,0.0,0.0,0.0,0.7835688223460042,28.00473423633239,27.577584744436876,0.013627866024352961,0.17294984875254243,2.3916621158129834,0.0,0.7727359103079254,0.9685069444444444,0.1,122.61445958490191
2024-06-15 03:40:00+00:00,0.0,27.85074068765671,26.92427751752057,27.838360688528272,0.0,0.0,0.0,0.0,25.7378502306487,25.99677575968678,27.596392647332305,0.06487484747939472,0.0,2.3916621158129834,0.0,0.7673586109970713,0.9684722222222222,0.1,121.58133968555228
2024-06-15 03:45:00+00:00,0.0,26.671491209806053,26.058996624469415,27.91104428354457,0.0,0.0,0.0,0.0,0.0,25.876664576853763,28.191307417043213,0.01794274858798586,0.0,2.3916621158129834,0.0,0.7079020235902587,0.9684375,0.1,120.5413630957672
2024-06-15 03:50:00+00:00,0.0,27.76702431353295,27.126196045153844,27.821399532207074,0.0,0.0,0.0,0.0,18.776426966279455,26.716815699796225,27.856913833835645,0.00105753710163274,0.5865450681729948,2.440540871494066,0.0,0.6993679065065229,0.9684027777777777,0.1,119.49490070541894
2024-06-15 03:55:00+00:00,0.0,29.043252683820615,28.514606574564645,27.70477304773657,0.0,0.0,0.0,0.0,0.0,28.699178723794887,27.799031026814767,0.05275849191849396,0.0,2.440540871494066,0.0,0.6852002328262926,0.9683680555555555,0.1,118.44230103810699
2024-06-15 04:00:00+00:00,0.0,29.166255966723078,28.583770082058763,27.698963313107065,0.0,0.0,0.0,0.0,4.693690123893436,29.159873873279334,27.824131454035964,0.0,0.0,2.440540871494066,0.0,0.6236285551903029,0.9683333333333333,0.1,117.38389222546752
2024-06-15 04:05:00+00:00,0.0,26.077793283120982,25.383390900551348,27.967795164353685,0.0,0.0,0.0,0.0,0.0,25.70559150384604,27.85343574255382,0.028120105857863217,0.0,2.440540871494066,0.0,0.6633916286412557,0.968298611111111,0.1,116.31998246095681
2024-06-15 04:10:00+00:00,0.0,26.48294387652688,26.18531545625007,27.900433501674993,0.0,0.0,0.0,0.0,0.0,25.667319174690903,27.793860984474687,0.006636862377555628,0.0,2.440540871494066,0.0,0.6908029469930951,0.9682638888888888,0.1,115.25086248161169
2024-06-15 04:15:00+00:00,0.0,29.001692276010942,28.282177631283894,27.724297078972153,0.0,0.0,0.0,0.0,11.77984087182975,28.676502604851336,27.852413415585282,0.0017430840356299172,0.0,2.440540871494066,0.0,0.6408445866007136,0.9682291666666666,0.1,114.17680568123122
2024-06-15 04:20:00+00:00,0.0,26.56935055056144,26.41260130478282,27.881341490398242,0.0,0.0,0.0,0.0,0.0,26.415969471122093,27.7579112456227,0.0,0.0,2.440540871494066,0.0,0.6193003757406137,0.9681944444444445,0.1,113.09807042539127
2024-06-15 04:25:00+00:00,0.0,26.41945742830098,25.837365435093094,27.92966130345218,0.0,0.0,0.0,0.0,0.0,26.332436289752724,27.99686544174111,0.0,0.0,2.440540871494066,0.0,0.6733040986267016,0.9681597222222222,0.1,112.01489998653238
2024-06-15 04:30:00+00:00,0.0,27.373625806679836,26.828940565858254,27.8463689924679,0.0,0.0,0.0,0.0,0.0,26.678215035898337,27.828477081882284,0.0,0.0,2.440540871494066,0.0,0.6916864477363444,0.968125,0.1,110.92752471309348
2024-06-15 04:35:00+00:00,0.0,28.40126636163865,28.05533963368668,27.743351470770317,0.0,0.0,0.0,0.0,5.938813013124692,28.152019293423667,27.50449716760205,0.02650000507396044,1.9627106897091435,2.604100095636495,0.0,0.71190269180245,0.9680902777777778,0.1,109.83616195537911
2024-06-15 04:40:00+00:00,0.0,28.003203305318102,27.508874624149513,27.78925453157144,0.0,0.0,0.0,0.0,4.1642800629688725,27.47273424250086,27.982532685358002,0.11848758259010045,0.8306637345463483,2.6733220735153576,0.0,0.7086331018887775,0.9680555555555556,0.1,108.74101737693952
2024-06-15 04:45:00+00:00,0.0,27.582878112283613,27.23851315045,27.811964895362202,0.0,0.0,0.0,0.0,0.0,27.120913739619155,27.55409250540174,0.0,1.0052902369315535,2.7570962599263202,0.0,0.7622466081206009,0.9680208333333333,0.1,107.64228621100014
2024-06-15 04:50:00+00:00,0.0,27.690291506984373,27.45821683869981,27.793509785549215,0.0,0.0,0.0,0.0,10.51931500307444,28.2046545822323,27.84010247445517,0.045820737840562946,2.558069909569307,2.970268752390429,0.0,0.6839296322380344,0.9679861111111111,0.1,106.54015299253874
2024-06-15 04:55:00+00:00,0.0,27.786387277049492,27.374790962452902,27.800517559153956,0.0,0.0,0.0,0.0,0.0,27.812214933766672,27.813914494972924,0.0504351126689615,0.0,2.970268752390429,0.0,0.7049906472296845,0.9679513888888889,0.1,105.43479344450708
2024-06-15 05:00:00+00:00,0.0,27.756529340662127,27.532526499505042,27.787267774041574,0.0,0.0,0.0,0.0,30.117063838780844,27.733697240346416,28.04059001750036,0.0,0.7975851810847853,3.0367341841474946,0.0,0.7509471804689118,0.9679166666666666,0.1,104.32637395550857
2024-06-15 05:05:00+00:00,0.0,31.058015375235634,30.477316009212323,27.539905455226165,0.0,0.0,0.0,0.0,13.26363393469684,29.77342669140163,27.31598041052547,0.03540597985343426,0.0,3.0367341841474946,0.0,0.8001744531250211,0.9678819444444444,0.1,103.21505338155323
2024-06-15 05:10:00+00:00,0.0,29.21719920264461,29.004720576182702,27.663603471600656,0.0,0.0,0.0,0.0,14.349772528271439,28.644781149078174,27.554964131287942,0.0,0.0,3.0367341841474946,0.0,0.7749609592566705,0.9678472222222222,0.1,102.1009824321406
2024-06-15 05:15:00+00:00,0.0,29.952646718504116,29.274652462756354,27.640929193128468,0.0,0.0,0.0,0.0,0.0,29.26945839978834,27.6208678841671,0.0,2.54343285502941,3.248686922066612,0.0,0.8447470106664845,0.9678125,0.1,100.98430540045194
2024-06-15 05:20:00+00:00,0.0,28.72583404470222,28.521203811684426,27.704218879818505,0.0,0.0,0.0,0.0,26.305691924501758,28.798329947573148,27.74038829251512,0.0410226786921287,0.0,3.248686922066612,0.0,0.7988427603107764,0.9677777777777777,0.1,99.86515962181471
2024-06-15 05:25:00+00:00,0.0,29.18073207315742,28.82230580205267,27.678926312627574,0.0,0.0,0.0,0.0,1.0062466386759903,27.94956502994111,27.852617741375127,0.0,4.873408541401787,3.654804300516761,0.0,0.7520868219496789,0.9677430555555555,0.1,98.74367639254277
2024-06-15 05:30:00+00:00,0.0,28.807593157551157,28.46374400960495,27.70904550319318,0.0,0.0,0.0,0.0,0.0,28.860060280693922,27.77126521913147,0.0,4.678838831793326,4.044707536499538,0.0,0.7406024829136826,0.9677083333333333,0.1,97.6199818658498
2024-06-15 05:35:00+00:00,0.0,27.026504829808555,26.195218147589845,27.899601675602455,0.0,0.0,0.0,0.0,4.983503640453841,25.612844199606837,27.904573792044445,0.03790016597747364,0.0,4.044707536499538,0.0,0.6742242538439178,0.967673611111111,0.1,96.49419641517876
2024-06-15 05:40:00+00:00,0.0,28.45980279599272,27.87723030958857,27.758312653994558,0.0,0.0,0.0,0.0,19.480428937417308,27.24686940409201,27.963980211965218,0.06449170724339992,1.7614731428448416,4.191496965069941,0.0,0.6851348212803903,0.9676388888888888,0.1,95.36643623261246
2024-06-15 05:45:00+00:00,0.0,28.189249222843188,27.742182673479284,27.769656655427738,0.0,0.0,0.0,0.0,0.0,28.241335745744944,28.18886936397,0.003326525341985365,0.0,4.191496965069941,0.0,0.6859498267444132,0.9676041666666666,0.1,94.23681249220041
2024-06-15 05:50:00+00:00,0.0,27.914519746926977,27.289839886659546,27.807653449520593,0.0,0.0,0.0,0.0,16.037268283261923,26.961229078462114,27.536548441199425,0.033363460039860564,1.0677099854451195,4.2804727971903676,0.0,0.717458981536897,0.9675694444444444,0.1,93.10543291121301
2024-06-15 05:55:00+00:00,0.0,29.135681702257205,29.135681702257205,27.652602737010394,0.0,0.0,0.0,0.0,0.0,29.27655678204201,27.65145341968054,0.0,0.31197692600654714,4.30647087435758,0.0,0.7046978646277259,0.9675347222222221,0.1,91.97240087180067
2024-06-15 06:00:00+00:00,0.0,31.82495567938163,31.335739076791857,27.467797917549483,0.0,0.0,0.0,0.0,0.0,31.804099769066227,27.61972589674663,0.0,0.0,4.30647087435758,0.0,0.7179243450603463,0.9675,0.1,90.83781695238508
2024-06-15 06:05:00+00:00,0.20632105309299015,30.626664912021155,29.63450760442822,27.931976018963063,0.0024296776162495244,0.06786569691089306,3.9920998182878273,0.005655474742574421,0.0,29.904664544663696,27.94912455014634,0.02477586372174227,0.22437821783914594,4.325169059177509,0.20632105309299015,0.663024310335994,0.9674652777777778,0.1,89.70177816786382
2024-06-15 06:10:00+00:00,1.3787835423455979,32.13482624320587,31.649997040587298,28.916573393103516,0.0155709498330565,0.4502585136479112,19.20953805077156,0.04317701754656702,0.0,31.067306592652223,29.203500946513714,0.0,3.030010120890988,4.577669902585091,1.3787835423455979,0.6340242708473165,0.9674305555555556,0.1,88.56437871544861
2024-06-15 06:15:00+00:00,4.05837592177286,31.430384364929864,31.055449229899583,30.255829428507315,0.0438952722178651,1.3280878689416225,19.24977314224955,0.15385100662503556,7.3483709839770475,30.722446690851545,30.188994945584955,0.07612246981173361,1.7719869018209673,4.725335477736839,4.05837592177286,0.6016093634584697,0.9673958333333333,0.1,87.4257107130158
2024-06-15 06:20:00+00:00,8.610263013715368,31.978994470048864,31.643321580618352,31.294001202928683,0.08984633749751678,2.8116513937260263,19.20861862071099,0.3881552894355378,12.618075115490075,31.295546110133262,31.09120046706479,0.10395279252106698,6.539663225390592,5.270307413186055,8.610263013715368,0.6016924623441456,0.9673611111111111,0.1,86.28586340129154
2024-06-15 06:25:00+00:00,15.081373036943736,30.474382795966793,30.278329541431237,32.30481734336468,0.1531870674581199,4.948680233600248,19.30187898393066,0.8005453089022251,30.693052386382092,30.42919975031529,32.478919489341145,0.1674812369875795,3.458667803224932,5.558529730121466,15.081373036943736,0.6151828645359403,0.9673263888888889,0.1,85.14492462801383
2024-06-15 06:30:00+00:00,24.740354268531387,32.07980006290686,32.945079135527926,32.83978525779156,0.24484369694556407,8.04061442941612,19.11764537579903,1.4705965113535684,45.60718662320986,33.06828022703539,32.28520532579678,0.30409458466021577,11.805444204499768,6.542316747163113,24.740354268531387,0.6717397811006204,0.9672916666666667,0.1,84.00297988105683
2024-06-15 06:35:00+00:00,34.51744339723991,32.466771889521034,33.595464028872186,33.3189525363811,0.33588989594221846,11.191499500348764,19.07219756817669,2.403221469715965,30.129694452819408,34.10722250931032,33.22380077694273,0.3991652183791359,11.124811103922127,7.4693843391566235,34.51744339723991,0.679957163341765,0.9672569444444444,0.1,82.86011376351833
2024-06-15 06:40:00+00:00,44.64746780514974,31.34517141783529,32.35525996824399,33.87242054048301,0.42926348993885466,14.540193453884283,19.15686464056665,3.6149042575396555,60.75560080898365,32.5682984244265,34.34563646228534,0.3684961579746183,11.87908716683777,8.459308269726439,44.64746780514974,0.6772641490224582,0.9672222222222222,0.1,81.71640901558139
2024-06-15 06:45:00+00:00,54.677146841074546,32.666585182887715,34.2590044627997,34.01001060324085,0.5199677652234685,17.684109208593615,19.025164593466233,5.088580024922456,37.95601048705211,34.69798919500384,34.01525932105567,0.48720523335050114,18.75569885248588,10.022283174100263,54.677146841074546,0.6667359394115383,0.9671875,0.1,80.57194798765039
2024-06-15 06:50:00+00:00,64.99385206247729,32.85983556303638,34.3066140696681,34.292033809327584,0.6128666490741645,21.016443850660554,19.021205294796793,6.839950345810836,74.63642156296159,34.16996895372027,34.363586656350066,0.6397839875360893,24.41786151311759,12.057104966860063,64.99385206247729,0.6579019025239558,0.9671527777777778,0.1,79.42681180897236
2024-06-15 06:55:00+00:00,78.56300115643216,31.93198625259099,34.26048489053742,34.612676453961186,0.7340518159915252,25.407498007357315,19.023696706026012,8.957241846423946,62.783572012464624,34.0614125645881,34.422355238385,0.7189980005886901,25.76226547269803,14.203960422918232,78.56300115643216,0.6766879620850105,0.9671180555555555,0.1,78.28108109454647
2024-06-15 07:00:00+00:00,91.65902747775002,31.54786016180632,34.73955880745585,34.81844363150329,0.849847262235757,29.590358995543102,18.99004823176347,11.423105096052538,83.7110502700483,33.93031412239345,34.8138062594672,0.9493542177673682,30.029791959471144,16.706443086207493,91.65902747775002,0.6850165784656813,0.9670833333333333,0.1,77.13483665386045
2024-06-15 07:05:00+00:00,96.55657334360369,31.67669863716617,34.873182183403294,34.89087828105649,0.8929332775090888,31.15522629867445,18.98017200743656,14.019373954275409,105.69537358834862,34.50512050411431,34.86243851266285,0.9482262324710861,31.362580068974,19.31999142528866,96.55657334360369,0.6360488566786644,0.9670486111111111,0.1,75.9881586668586
2024-06-15 07:10:00+00:00,110.54794320588049,33.138549016478535,37.00772702868435,34.88503072576719,1.0145448511005748,35.39242830331245,18.83262127614988,16.968742979551447,100.02121856735624,36.12382262898247,35.2566980125771,0.9735119040578185,31.011841223433645,21.90431152724146,110.54794320588049,0.6501937791682673,0.9670138888888888,0.1,74.84112817113999
2024-06-15 07:15:00+00:00,127.93185154610183,33.571196970644166,37.60734315907846,35.06197657999423,1.1655580978148614,40.86677072820729,18.790689424425796,20.374307206902053,135.37330002044115,37.15583563879312,34.85996011147016,1.127757087334668,44.928929763414565,25.648389007526006,127.93185154610183,0.6790801149512861,0.9669791666666666,0.1,73.69382609660795
2024-06-15 07:20:00+00:00,133.76537992312834,32.644640570539714,36.873524899665306,35.216321590599435,1.216581280339933,42.84351760955428,18.84050207652665,23.944600341031578,112.72734625408586,37.592586375355275,34.663968861346355,1.1533090760721705,46.65029018410169,29.53591318953448,133.76537992312834,0.6466629333466921,0.9669444444444444,0.1,72.54633477026502
2024-06-15 07:25:00+00:00,150.07704745290354,33.65747486561685,38.51628720391395,35.22675982069209,1.3562951581584384,47.7778837824149,18.726805994692327,27.92609065623282,139.93711116792596,38.605351381251786,35.308090045520245,1.3748656027720765,50.77498261391202,33.767161740693815,150.07704745290354,0.6659013890757496,0.9669097222222222,0.1,71.39873697108523
2024-06-15 07:30:00+00:00,184.92833391541689,34.39580130615802,40.09857323344018,35.39668183926213,1.6535069433078184,58.52865919127769,18.617278555832247,32.80347892217263,192.9518332495063,40.09906575832248,35.706685001170555,1.6232433037533598,59.39088737125419,38.716402354965,184.92833391541689,0.7581786703077933,0.9668749999999999,0.1,70.25111746042955
2024-06-15 07:35:00+00:00,204.5132741238241,34.63838884099762,40.9967234762023,35.46238624309344,1.8191113529937155,64.51002941905944,18.554823050695063,38.17931470709425,226.6519029765437,40.915704529398226,35.324653132087,1.785318388688605,64.71387913661498,44.109225616349576,204.5132741238241,0.7792933008041032,0.9668402777777777,0.1,69.10356222027907
2024-06-15 07:40:00+00:00,215.95480228633048,35.76747843539357,42.86849362125417,35.34227526538311,1.91396549663189,67.64389543040994,18.42539563950656,43.816305992961745,199.27578254488776,42.591753289667984,34.97756938658809,1.8506984422169472,67.01338743447496,49.69367456922249,215.95480228633048,0.768752902343124,0.9668055555555555,0.1,67.9561592493219
2024-06-15 07:45:00+00:00,202.21966409151216,35.68835266912676,42.766040912329686,35.24621011353887,1.7977412892750024,63.363567211571,18.431781480051537,49.09660326059266,225.41074848963282,42.69989925682706,35.03164574403912,1.842227029874855,66.53304106775778,55.2380946582023,202.21966409151216,0.6755710399858492,0.9667708333333334,0.1,66.80899938076536
2024-06-15 07:50:00+00:00,219.85849156337167,33.60613408095543,40.64686089055037,35.62069093334973,1.9492288364941766,69.43287794313196,18.57688965656368,54.88267642252032,223.8817297337071,41.135074619377264,35.707404861421665,1.9118810277956002,71.08641200973705,61.161962325680385,219.85849156337167,0.692119494361328,0.9667361111111111,0.1,65.66217558649842
2024-06-15 07:55:00+00:00,226.85576409120083,36.48725224422697,43.788363930291865,35.31957117006629,2.004745597661795,70.80675481449285,18.36013839484137,60.783239323728054,260.026455980894,43.236860695427964,35.207119444196046,1.959454085373747,68.49186033287646,66.8696173534201,226.85576409120083,0.6754051497831663,0.9667013888888889,0.1,64.5157846179892
2024-06-15 08:00:00+00:00,224.7475586375136,34.46902349544428,41.75784015521802,35.53224047112996,1.9891744311948345,70.67982422823802,18.499140744900394,66.67322467608122,220.4948367178106,41.41002613826168,35.54071588991432,1.8948506706553851,69.75454288816287,72.68249592743366,224.7475586375136,0.6349205253662041,0.9666666666666667,0.1,63.36992621891815
2024-06-15 08:05:00+00:00,239.45662099434514,36.24120677776548,43.876818575240534,35.39783757298907,2.1105704276762114,74.70962918523661,18.35273567074841,72.89902710818427,232.24185767272292,43.39096695267355,34.9263342589037,2.1308081961482386,75.42118519401643,78.9675946936017,239.45662099434514,0.6438171148530466,0.9666319444444444,0.1,62.2247048357915
2024-06-15 08:10:00+00:00,280.5288558253904,35.46056111233911,45.07027809034303,35.52090487235987,2.4529057667733767,87.12943240242006,18.269994772816663,80.15981314171927,285.4155134107674,44.874412586825464,35.41683226505323,2.464427537791687,86.03300322106237,86.13701162869023,280.5288558253904,0.719800485176989,0.9665972222222222,0.1,61.080228912010455
2024-06-15 08:15:00+00:00,277.9278663835276,35.17647878461432,43.901765261491505,35.63819504518595,2.4327322827059854,86.69818758379637,18.349701502203892,87.38466210703564,262.3283500975012,45.193532710654196,35.79584829572365,2.469294077414131,88.10910988902057,93.47943745277527,277.9278663835276,0.6822669278092172,0.9665625,0.1,59.93661268883503
2024-06-15 08:20:00+00:00,288.6662694516656,33.97670482495399,43.81988119404776,35.70938593636294,2.5223726265224977,90.07237759580933,18.354673591615555,94.89069357335308,290.64628150994037,44.74373484742022,35.6564538648837,2.594148042686138,94.11380569059524,101.32225459365822,288.6662694516656,0.6795291489772234,0.9665277777777778,0.1,58.79397575842236
2024-06-15 08:25:00+00:00,302.94971432214624,35.80823736345133,45.724171632926236,35.571580992377726,2.638381344323751,93.85139567839073,18.223058392299702,102.71164321321896,302.1583913379955,46.70089127496598,35.366772536881776,2.648738032207471,97.8654501471531,109.47770877258765,302.94971432214624,0.6853281762084321,0.9664930555555555,0.1,57.65244421577662
2024-06-15 08:30:00+00:00,311.8071808733925,34.61535249467485,45.45044074884693,35.649560338917716,2.712282415122744,96.69167561410373,18.24122718542688,110.76928284772761,331.2452427998418,44.77669372905703,35.85994627150659,2.6950650095014863,98.0990870095147,117.6526326900472,311.8071808733925,0.6791867084951655,0.9664583333333333,0.1,56.51215188026102
2024-06-15 08:35:00+00:00,308.95004964965256,37.33640971155202,47.882227621107376,35.35764136308975,2.6846806260379803,94.92397474988617,18.073352721300715,118.67961407688479,314.062987141078,47.161069477825976,35.55503706069855,2.6044915094952326,93.15058349335425,125.41518131449338,308.95004964965256,0.6491810770091323,0.9664236111111111,0.1,55.37324006897591
2024-06-15 08:40:00+00:00,327.43771758661114,38.07962625614162,48.660854209991676,35.362450340800834,2.8364158982760252,100.30261634864394,18.019163908020914,127.03816543927178,309.29847249284757,49.11896395619411,35.26936931189669,2.8417987040153396,102.27797456450948,133.93834586153582,327.43771758661114,0.6648555192980099,0.9663888888888889,0.1,54.235859758171216
2024-06-15 08:45:00+00:00,330.00940883156704,35.95890190884846,47.07445617370352,35.55625614425714,2.860219873221693,101.6987104411652,18.12759553115562,135.51305797603555,311.0356543977157,46.59778695540639,35.407889566708256,2.8778464878893915,99.26304459250535,142.2102662442446,330.00940883156704,0.6485522368641206,0.9663541666666666,0.1,53.10017140584043
2024-06-15 08:50:00+00:00,317.9569637863637,37.2499272679622,47.66844034920174,35.42836060275387,2.759378196086172,97.76024577031738,18.086103930201887,143.659745123562,304.1153046906543,47.813206267902565,35.68397296332373,2.772229392258168,96.79517701596454,150.27653099557497,317.9569637863637,0.6057084159696234,0.9663194444444444,0.1,51.9663473377145
2024-06-15 08:55:00+00:00,348.29248917108345,36.413781508927585,48.044779782735695,35.532338689934384,3.009378849991053,106.93026854420734,18.05957921081779,152.57060083557928,318.3660640717072,47.3402264301547,35.42235299722972,2.9120121340390868,105.57488366931175,159.0744379680176,348.29248917108345,0.64407182103099,0.9662847222222222,0.1,50.83457183578193
2024-06-15 09:00:00+00:00,366.6008559991388,36.700886675785895,49.0581561747558,35.4986247899146,3.158232830637539,112.11292225399191,17.989259085805504,161.91334435674528,335.4048374506628,49.62148542304587,35.46595232035838,3.2200057052176665,111.66991994102558,168.38026462976973,366.6008559991388,0.6589649963712825,0.9662499999999999,0.1,49.70504381665715
2024-06-15 09:05:00+00:00,382.11459082672235,38.2929558301443,50.826003927846415,35.36194664376332,3.28216063973805,116.063589418677,17.8670747720819,171.58531014163503,413.0879885488435,50.755968451102675,35.722140066594896,3.31321888323941,116.7309856217748,178.10784676491764,382.11459082672235,0.6684880749482118,0.9662152777777777,0.1,48.577977417234756
2024-06-15 09:10:00+00:00,382.64624365024025,37.667813933695044,50.619597167616426,35.38790603899112,3.2868065479066613,116.31320128566169,17.880622455704938,181.27807691544018,370.6105508865068,50.41406038291908,35.42527808513335,3.2673119663370227,118.49266445121968,187.98223546918595,382.64624365024025,0.6523081124536474,0.9661805555555555,0.1,47.453604307946755
2024-06-15 09:15:00+00:00,417.0850745072399,39.632603229659466,54.175765364303736,35.11518141010506,3.5609574254724166,125.04366598912458,17.635514223941552,191.6983824145339,436.01415813704506,55.59693520727512,35.016097312610206,3.5467499684193142,125.6916104954757,198.45653634380892,417.0850745072399,0.6936390755315451,0.9661458333333333,0.1,46.33217624154159
2024-06-15 09:20:00+00:00,428.5931209116809,37.5959488112281,52.29751806612485,35.375327666131874,3.6587629271064412,129.42993739908613,17.76399423575188,202.48421053112443,417.87016238995494,52.38305545738698,34.98004506744397,3.5627505208967105,126.15969753661656,208.9698444718603,428.5931209116809,0.6961172927939179,0.966111111111111,0.1,45.213966373987894
2024-06-15 09:25:00+00:00,467.9340825923542,39.2612786770278,55.00117363558478,35.20130412944342,3.9722097145268775,139.82696222699025,17.577508737021134,214.13645738337362,462.12288685895555,54.45671389965734,35.208385424304886,3.988365804579287,141.09733586757926,220.7279557941586,467.9340825923542,0.7430250692127617,0.9660763888888889,0.1,44.099273162899216
2024-06-15 09:30:00+00:00,467.46847885040177,38.54156430424359,54.30408378741703,35.280626743358425,3.969986023004834,140.0635950539835,17.624792635081903,225.80842363787224,442.59893445263776,53.831370395375515,35.263308656700005,3.952811328165759,141.69579951421645,232.53593908700995,467.46847885040177,0.7264173702690777,0.9660416666666667,0.1,42.98842223284048
2024-06-15 09:35:00+00:00,503.1844360732372,39.420498218472865,56.92371804359503,35.092030817436594,4.252224655139531,149.2191986408201,17.44410059370494,238.24335685794057,521.8222696883911,57.529906600925486,34.96726252772662,4.195704000219694,150.92428687503917,245.1129629932632,503.1844360732372,0.7659345610277607,0.9660069444444445,0.1,41.88177106269698
2024-06-15 09:40:00+00:00,532.4305729541016,38.35640669833635,56.672562381581955,35.20990565955428,4.488586409277133,158.04270401540535,17.46073595358026,251.41358219255767,526.8117898404952,56.17846942818597,35.395015068390975,4.5872980281361375,156.71606636977023,258.1726351907441,532.4305729541016,0.7946152810999852,0.9659722222222222,0.1,40.77971177960251
2024-06-15 09:45:00+00:00,515.7277105340391,38.931039374419434,56.62693958041137,35.16521694522516,4.353925645903793,153.10673990158645,17.463243944007438,264.1724771843565,540.3120810658395,57.38924823805324,34.906934214695944,4.431169348083315,152.789155781355,270.90506483919035,515.7277105340391,0.7553138946843545,0.9659375,0.1,39.68267690317337
2024-06-15 09:50:00+00:00,516.8069731384563,39.04023863981637,56.719850098190896,35.157666996089624,4.362221482156035,153.3655302328304,17.45623075403989,276.9529380370924,506.6565867202672,56.086286793328306,34.84109171760936,4.398415277508832,152.4999103160246,283.61339069885906,516.8069731384563,0.743392213960635,0.9659027777777778,0.1,38.59114352886725
2024-06-15 09:55:00+00:00,530.3606121516838,38.492841805428704,56.899441627888024,35.177317337338636,4.470799001611208,157.2707152311342,17.443260926703275,290.05883097302024,549.3699059666615,56.961061558080814,35.01968442698662,4.469743672925879,159.03961136367795,296.86669164583225,530.3606121516838,0.7498944350399535,0.9658680555555555,0.1,37.50563976136616
2024-06-15 10:00:00+00:00,519.3672880804355,40.16208153458175,57.99702939442687,35.01651126733639,4.379056854381226,153.33929368174685,17.36720555737142,302.83710544649915,541.3528374893735,57.35499548197812,35.0056289356428,4.316993086144525,149.6177855171761,309.33484043893026,519.3672880804355,0.7224159108691746,0.9658333333333333,0.1,36.42675202347398
2024-06-15 10:05:00+00:00,517.3087786386372,40.31920832902306,58.107168202690254,34.99746917541056,4.36201491792494,152.6594826327591,17.359012522974773,315.55872899922906,495.3918172799185,58.57891079510438,34.69148124052182,4.3610549746614815,151.73055230430575,321.9790531309557,517.3087786386372,0.7084022893656685,0.9657986111111111,0.1,35.35513194312758
2024-06-15 10:10:00+00:00,536.4874189375998,40.42925117002698,58.51342751790249,35.006876127964865,4.515080365093376,158.0588590486302,17.330471537336265,328.73030058661493,543.3140098112514,59.056964601844236,34.76514202889303,4.538573559154676,160.7805458854612,335.37743195474417,536.4874189375998,0.7238196621232293,0.9657638888888889,0.1,34.291506602773815
2024-06-15 10:15:00+00:00,545.0235035959232,41.537097751094066,59.91064004920382,34.868239895745674,4.579480110856493,159.6784111031402,17.233839733475453,342.03683484520997,530.0068707917868,60.08553822328306,34.69261723355274,4.5740640920013025,158.74296975787252,348.6060127679002,545.0235035959232,0.72500442549612,0.9657291666666666,0.1,33.23668785172103
2024-06-15 10:20:00+00:00,564.0197030560676,41.611532728395716,60.88867494988028,34.80696957144497,4.7287519232749595,164.5935243043434,17.166017366843825,355.75296187057194,547.1564451322304,60.684018927534,34.78873249673697,4.726988710037759,167.3288083089882,362.55008012698255,564.0197030560676,0.7402516827861552,0.9656944444444444,0.1,32.19158548081735
2024-06-15 10:25:00+00:00,536.3206514781284,39.946842145423105,58.316074896125286,35.02943382547811,4.513813069343771,158.11631621315584,17.34216228968718,368.9293215550016,538.1883032952362,57.91993219397727,34.875400293477185,4.523147895071608,159.76821430591644,375.86409798580894,536.3206514781284,0.6949704683197855,0.9656597222222222,0.1,31.15721992032089
2024-06-15 10:30:00+00:00,484.52639391981126,40.85190517951266,57.27534788869628,34.991936743174904,4.098954316534546,143.43035015734057,17.413044009355584,380.88185073477996,496.5669798200907,57.09604204102721,35.173228033900344,4.041772491549397,139.64489797585222,387.50117281712994,484.52639391981126,0.6203052685309947,0.965625,0.1,30.134739223364768
2024-06-15 10:35:00+00:00,516.8205841072597,40.00971056039832,57.802574781016304,35.03150002861417,4.35797435909943,152.6663788854915,17.376194959554006,393.60404897523756,536.7869629356618,57.0721533174904,34.573843482242246,4.399006894435723,150.92847928113318,400.0785460905577,516.8205841072597,0.6541187276202747,0.9655902777777777,0.1,29.125436232568866
2024-06-15 10:40:00+00:00,513.7398765023138,40.80844380329341,58.57604750141625,34.932019350830025,4.330891902249307,151.28679973572585,17.322430905022703,406.21128228654806,508.7901965909696,58.09244522179792,34.99613839972483,4.381246649624537,155.16059578187327,413.00859573904717,513.7398765023138,0.643227985221778,0.9655555555555555,0.1,28.13076965963046
2024-06-15 10:45:00+00:00,469.8924008068458,40.334362886781754,56.51565221725279,35.032104960472466,3.9820694215780463,139.50027393661,17.46335640408139,417.8363051145989,484.5695010511494,57.07984792027284,34.895561715387416,3.9605602689866366,136.06655489912728,424.3474753139744,469.8924008068458,0.5823648188919652,0.9655208333333333,0.1,27.152387845343547
2024-06-15 10:50:00+00:00,506.14817607606693,42.700382177677,60.07427163133221,34.73433232677022,4.2653722203336395,148.15485619844242,17.218261278047375,430.18254313113573,514.4954738847589,59.7391114314147,34.80896391661643,4.2306545071212485,146.93548719474265,436.5920992468696,506.14817607606693,0.6213182807812784,0.965486111111111,0.1,26.192154030138752
2024-06-15 10:55:00+00:00,540.9474890488866,41.58731565238339,60.31134621904249,34.80978473217656,4.544283152505725,158.18551830078093,17.20135628070235,443.3646696562008,540.8337283836889,60.23093501973336,35.18647166847746,4.650324703629073,158.39540097334515,449.79171599464837,540.9474890488866,0.6580985566979921,0.9654513888888888,0.1,25.252176405688076
2024-06-15 11:00:00+00:00,517.851193548085,41.14593190257451,58.73020878699177,34.926474036600666,4.362946684274739,152.38234409139463,17.309349502660716,456.0631983304837,503.9352762859271,59.36724032982339,34.89383262913732,4.4200094655164985,152.9078359548188,462.53403565754996,517.851193548085,0.6247340031741879,0.9654166666666666,0.1,24.334838624323226
2024-06-15 11:05:00+00:00,554.1793328863364,42.694894230394176,61.40874196297002,34.718927779275674,4.646831311694379,161.333000713194,17.124739140149934,469.50761505658323,554.7997821540408,61.51841476961501,34.73954805262813,4.530833711144868,164.63016177086988,476.25321580512247,554.1793328863364,0.6633542168722228,0.9653819444444445,0.1,23.44283423461404
2024-06-15 11:10:00+00:00,625.0333681151418,39.4648806214957,61.23782308072522,34.92485911641987,5.213428806367391,182.0782665758661,17.135863164341558,484.6808039379054,676.983716236009,61.19622329826618,35.07325263945614,5.208322420658343,180.10841473448357,491.26225036632945,625.0333681151418,0.7427627494373388,0.9653472222222222,0.1,22.579199799598584
2024-06-15 11:15:00+00:00,628.3186801642847,39.75245567244551,61.23732730039146,34.933020318716096,5.239429293169789,183.02908995677657,17.135280863312722,499.9332281009701,614.530772276884,61.72235906857515,34.648860660565475,5.188430050493673,183.28339877107493,506.5358669305857,628.3186801642847,0.7416888813247858,0.9653125,0.1,21.74734861099934
2024-06-15 11:20:00+00:00,663.4880437594942,42.69023864329058,65.46730412368946,34.51863873230583,5.50398444387714,189.99005060642622,16.844139747363545,515.7657323181722,660.9607661000421,65.65637525040003,34.63231068428268,5.458396144978148,191.5190088961029,522.4957843385943,663.4880437594942,0.7784122266441366,0.9652777777777778,0.1,20.951098159890208
2024-06-15 11:25:00+00:00,661.3421166405069,42.079428795953305,64.64102570698685,34.61107776417676,5.489767410164129,190.00676674043393,16.90028254750599,531.5996295465418,648.1223235058413,64.79086876964658,34.7555488037111,5.455274448139008,189.37389766346638,538.2769424772165,661.3421166405069,0.7715682984471337,0.9652430555555556,0.1,20.19468979497914
2024-06-15 11:30:00+00:00,629.4064548296336,42.390626362881875,63.92308697394495,34.61987383833593,5.238394720877288,181.35256435217664,16.948980775795746,546.7123432425565,649.716373294643,63.97930901074749,34.574161264470625,5.240540454927212,179.53349311625084,553.2380669035707,629.4064548296336,0.7306093964891046,0.9652083333333333,0.1,19.482793074156532
2024-06-15 11:35:00+00:00,620.3166182203652,40.9316053350888,62.506086792784494,34.76411115276682,5.170655778904113,179.75325223051868,17.04568346045181,561.691780928433,646.9880992184394,63.192748386126816,34.87636526500378,5.164060693274685,178.81728449008304,568.1395072777443,620.3166182203652,0.7168118353163274,0.9651736111111111,0.1,18.820485925607386
2024-06-15 11:40:00+00:00,634.2396059921726,42.34913468775056,64.36311822219089,34.57982950805064,5.274930344828209,182.40619199100226,16.91754330397831,576.8922969276832,654.0282667840725,65.17250492519281,34.58721227616364,5.210190025770532,179.9603490594572,583.1362030326991,634.2396059921726,0.7299825863302253,0.9651388888888889,0.1,18.21320357611347
2024-06-15 11:45:00+00:00,609.256658247671,44.48673592112425,65.30336306589649,34.407964298123574,5.07283997048524,174.54609659455036,16.852368058264886,591.4378049772291,638.5424043308602,64.07004764561624,34.23704977400783,5.018526483911014,174.50814490799903,597.678548441699,609.256658247671,0.6988028258333812,0.9651041666666667,0.1,17.666643312348825
2024-06-15 11:50:00+00:00,576.7522525210284,43.41472263211183,62.84385624041145,34.61248648096576,4.821493249536615,166.88386991765373,17.02065000620401,605.3447941370335,575.5598993117763,63.78959097909191,34.331318337590744,4.7184841712358905,169.0510344507823,611.766134645931,576.7522525210284,0.6595764237790986,0.9650694444444444,0.1,17.18661922956983
2024-06-15 11:55:00+00:00,584.6319737951677,42.863913381199325,63.32603246403019,34.57683002767141,4.882712804899352,168.82873072893963,16.986928961678988,619.4138550311119,609.3853395483962,63.69124757268298,34.754818916010414,4.878194582845966,167.77996341704952,625.7477982640185,584.6319737951677,0.6669675601883279,0.9650347222222222,0.1,16.77885997103509
2024-06-15 12:00:00+00:00,531.7840003038109,42.35517472395501,60.381183089638,34.77515169970702,4.468416090295264,155.38984739742955,17.18851874717981,632.3630089808977,519.4917413459536,60.18593394535004,35.113075572232596,4.481836004620812,156.72171367812015,638.8079410705285,531.7840003038109,0.6055185992846723,0.965,0.1,16.448755275628812
2024-06-15 12:05:00+00:00,544.8006145820485,42.49596794949818,60.76658395854797,34.76759681030017,4.5715716269224815,158.94255911424884,17.16143860816092,645.6082222404184,567.7477131743956,61.180962771878484,34.59223260622855,4.61462852122065,154.8755017196785,651.7142328805018,544.8006145820485,0.6194735262592699,0.9649652777777777,0.1,16.201064108643024
2024-06-15 12:10:00+00:00,593.8205780414773,40.85389960940398,61.175876309907245,34.85294894011621,4.962390686109813,172.95394920389353,17.132720040506022,660.0210513407428,615.8030497649429,60.41054120973674,34.90861458223777,5.011447577697175,169.19513956636087,665.8138278443652,593.8205780414773,0.6746143398786475,0.9649305555555555,0.1,16.039613473245595
2024-06-15 12:15:00+00:00,668.6087247623957,43.329495094715355,66.0932498373926,34.456551688340404,5.540082565330782,190.8921412699936,16.794500386546193,675.928729779909,659.2528628395819,66.21904487218328,34.195911594366656,5.545006515908315,193.37686170464184,681.928566319752,668.6087247623957,0.7592928905834799,0.9648958333333333,0.1,15.967025149304078
2024-06-15 12:20:00+00:00,661.3126458878414,44.0022531918117,66.8239630681106,34.35375517497782,5.479409521764582,188.23829321414274,16.74373058818002,691.6152542144208,675.2080088615961,67.40129453149112,34.24196471171107,5.459216622228861,187.86603164701472,697.5840689570032,661.3126458878414,0.7511085598949903,0.9648611111111111,0.1,15.98451209931683
2024-06-15 12:25:00+00:00,708.4131092070287,41.66218398490441,65.98648435696964,34.55710520125036,5.854954090888146,202.33026446731282,16.800621146191826,708.4761095866969,692.2830686663589,65.8082351375099,34.440404047236925,5.961965726857603,203.1689343968986,714.514813490078,708.4131092070287,0.8051239163313787,0.9648263888888888,0.1,16.09177986530713
2024-06-15 12:30:00+00:00,698.5218829425266,42.653498900294764,67.00699318286024,34.41516041849003,5.772634551320122,198.66614412100023,16.729960874804934,725.0316215967803,677.5758107174776,65.80012014656931,34.16985827353451,5.726304399497404,195.6584852399163,730.8196872600711,698.5218829425266,0.7948008944128157,0.9647916666666666,0.1,16.287050800961453
2024-06-15 12:35:00+00:00,692.5188878871866,42.230606191311765,66.46876726736329,34.46563495434693,5.72705869894335,197.3867144798986,16.766305450706177,741.4805144701052,671.703568857399,66.50858161070916,34.43345318932999,5.659218762928977,195.4455493017966,747.1068163685542,692.5188878871866,0.7892863437982833,0.9647569444444444,0.1,16.567206556717153
2024-06-15 12:40:00+00:00,679.5359486163136,42.491882392264415,65.53994914352907,34.54648494019289,5.627657275663632,194.4157773222806,16.82945871916705,757.6818292469619,662.9726162733837,65.40669698195497,34.727708110042315,5.604573718720086,196.751330507714,763.5027605775304,679.5359486163136,0.776181371641756,0.9647222222222221,0.1,16.928023606508773
2024-06-15 12:45:00+00:00,708.8448390604325,43.57585279227785,68.13167089132409,34.304451613021065,5.849096720944733,200.65005544352874,16.65095629884155,774.4026672005893,691.7124140505348,68.85102677297138,34.39956146914762,5.858824812627122,200.53102374811675,780.2136792232068,708.8448390604325,0.8118465013430735,0.9646874999999999,0.1,17.364462091122235
2024-06-15 12:50:00+00:00,666.7700679183205,41.49905040174557,64.44988474013765,34.646101863103084,5.530140325397964,191.5978050309919,16.903066981781112,790.369150953172,664.9225790064677,64.90030372821724,34.52598951007096,5.597642981281135,192.8521752328374,796.2846938259432,666.7700679183205,0.7661188727015038,0.9646527777777778,0.1,17.87096772375199
2024-06-15 12:55:00+00:00,671.370664243275,44.25471912783043,67.5993029396626,34.2852164530621,5.554747912664704,190.44573452790425,16.686296948905635,806.2396288304974,697.0823653903334,68.59847840747321,34.55316152198168,5.53109867648525,190.46673878041395,812.1569220576444,671.370664243275,0.7742951974988015,0.9646180555555556,0.1,18.441751178691533
2024-06-15 13:00:00+00:00,631.0137045945633,44.4471875065353,66.38515959311599,34.334230902824736,5.239239376820836,179.88525451893815,16.769026540772707,821.2300667070756,626.9984442897933,66.43526653658766,34.36167319596536,5.158208192596702,182.20529349512242,827.3406965155713,631.0137045945633,0.7308624618231022,0.9645833333333333,0.1,19.07102257593867
2024-06-15 13:05:00+00:00,636.2546749843095,43.49097604028244,65.30334908975694,34.47406571064278,5.284431740270761,182.1758470575006,16.842668068041,836.4113872952006,623.3782689272174,65.67587454335526,34.81836833234668,5.321092629287128,181.03158354161664,842.426661810706,636.2546749843095,0.7404760126420962,0.9645486111111111,0.1,19.75317197481654
2024-06-15 13:10:00+00:00,616.9678364426311,41.305955554094865,62.58222412812087,34.74683520425474,5.140204736319438,178.6058468890212,17.02880712253532,851.2952078692857,626.8594531491206,62.915115598295856,34.46971789997145,5.11761811873428,173.95649683183697,856.9230365466924,616.9678364426311,0.7218689882028683,0.9645138888888889,0.1,20.48289384325642
2024-06-15 13:15:00+00:00,649.5137966250417,42.83064889762669,64.96913903000447,34.54486429672413,5.390443127645823,186.21212634373413,16.864390791580572,866.8128850645969,645.5669547104628,64.66585465470655,35.13277318891631,5.336992011157091,184.2555835743983,872.2776685112256,649.5137966250417,0.7644257467519622,0.9644791666666667,0.1,21.255264596869722
2024-06-15 13:20:00+00:00,670.9745812524566,45.09617171121258,67.96714745030366,34.24094630823132,5.549238899037354,190.01119119348672,16.658051148332664,882.6471509973875,672.0693485837351,68.13519831993337,34.19022706807066,5.503601530139752,191.08364221768645,888.2013053626994,670.9745812524566,0.7947710837870684,0.9644444444444444,0.1,22.065779782991243
2024-06-15 13:25:00+00:00,696.2653161126328,41.11725931348128,64.90633296584227,34.65837675822709,5.760574942357697,199.6521766962354,16.867486310511573,899.2848323887405,701.8907530414938,66.22554834822566,34.40659510617451,5.767122612503867,200.14850494533695,904.8803474414774,696.2653161126328,0.8305024172490096,0.9644097222222222,0.1,22.910363988331852
2024-06-15 13:30:00+00:00,685.615120931486,43.57548034017078,67.01235937504067,34.386256342253176,5.6681609586384445,194.90683571289307,16.722367452361183,915.5270686981482,691.8435734103381,66.7469705027413,34.15777508305263,5.579778776102134,194.3393379389066,921.0752922697196,685.615120931486,0.8239885119423879,0.964375,0.1,23.78535914581181
2024-06-15 13:35:00+00:00,662.0530300775388,42.766506265533614,65.0439202670145,34.56523686819378,5.4888087246639214,189.72197369221706,16.856831088342155,931.3372331724996,651.5325785419384,65.35085712975525,34.73678751947806,5.562532126693891,192.05885063440502,937.0801964892534,662.0530300775388,0.8021514682799118,0.9643402777777778,0.1,24.6875018925481
2024-06-15 13:40:00+00:00,619.8561786986486,44.77032258441055,66.23218728112447,34.325110419967544,5.149706800669498,176.7642545634383,16.77469336369422,946.0675877194528,615.8843525012608,66.20123155137115,34.49123235774081,5.1412270273936125,175.51632915497703,951.7065572521681,619.8561786986486,0.7575820025258002,0.9643055555555555,0.1,25.613892767856257
2024-06-15 13:45:00+00:00,523.80897790908,43.30561635700397,61.15266430037251,34.66175440332501,4.398868755029786,152.4725084393025,17.122599006353113,958.7736300893947,537.432476803272,61.58155247133271,34.80944499533743,4.401071736047745,150.0972842915935,964.2146642764675,523.80897790908,0.6461650508519687,0.9642708333333333,0.1,26.561962240562067
2024-06-15 13:50:00+00:00,522.0557841887518,44.39538801497233,61.884168006448746,34.571266236465384,4.382578869177417,151.51130088863988,17.07179526396227,971.3995718301147,516.1476765567546,61.484016887955455,34.678300878180735,4.434900013959787,153.23173492123735,976.9839755199039,522.0557841887518,0.6504003583929647,0.9642361111111111,0.1,27.52943755492484
2024-06-15 13:55:00+00:00,517.091278702371,44.56331866288827,61.84537846513675,34.561056253887756,4.342705491064662,150.08848877075306,17.07384169334517,983.9069458943442,513.194334492934,62.57324575869424,34.320975990234764,4.30517228793759,148.6607434438404,989.3723708068906,517.091278702371,0.6510152320442982,0.9642013888888888,0.1,28.514308911362292
2024-06-15 14:00:00+00:00,497.6854908385439,45.83622583973002,63.1106589314152,34.35483742624075,4.183290024081968,143.71624868415077,16.986424432781373,995.8832999513568,501.95485659542,63.07594293769228,34.31157107464049,4.186219041365996,144.15536733753663,1001.3853180850186,497.6854908385439,0.6335945002250623,0.9641666666666666,0.1,29.51479989500954
2024-06-15 14:05:00+00:00,526.3792747683158,43.79491630004381,61.79627977734883,34.59423534890237,4.417022480708125,152.80351523900947,17.075980198572875,1008.6169262212742,532.3690952574545,61.68870478672328,34.11730261069038,4.41258660156128,149.85158224256443,1013.8729499385656,526.3792747683158,0.6780570098510447,0.9641319444444444,0.1,30.52933848836051
2024-06-15 14:10:00+00:00,573.255665505024,44.367478363859334,63.591896382568365,34.51554079096308,4.786393249322354,165.20495143857605,16.952188883043966,1022.3840055078222,568.2173214271073,63.34608339776513,34.32641956166708,4.810242708456278,162.17486879252343,1027.3875223379425,573.255665505024,0.7476734257324932,0.9640972222222222,0.1,31.556533049159142
2024-06-15 14:15:00+00:00,520.1115996462534,42.49567483001999,60.07256104133909,34.77674438146156,4.371273246700181,152.01865232201374,17.192990258403718,1035.0522265346567,528.2082751877929,60.29806684601674,34.89676556051642,4.493390822348011,150.66144618257084,1039.9426428531567,520.1115996462534,0.6873035620576928,0.9640624999999999,0.1,32.59514892636975
2024-06-15 14:20:00+00:00,468.18578859760413,45.15616584611946,60.99385268916566,34.50669290967226,3.9509387177823574,136.33382903945008,17.129176488552716,1046.4133789546108,467.7834950147057,60.54661146374842,34.11720695291995,3.895850753113778,140.75551428199583,1051.672269043323,468.18578859760413,0.6272761620982268,0.9640277777777777,0.1,33.644089766012
2024-06-15 14:25:00+00:00,491.02795649261117,43.18599819592951,59.92639784652956,34.7044890362362,4.137545722111827,143.59141014995586,17.20177726450856,1058.3793298004405,471.12383414653453,60.37368387814525,35.16612940104052,4.133927347115599,144.51293852452665,1063.7150139203668,491.02795649261117,0.6674883109126576,0.9639930555555555,0.1,34.70237987525414
2024-06-15 14:30:00+00:00,457.8597921800015,43.36224958827655,58.98329254600353,34.70530839309644,3.872338627888403,134.39070628336694,17.265843821069986,1069.5785553240544,467.2588256150758,58.66626794277361,34.94560276054651,3.9779729121117935,133.80391509408534,1074.8653401782071,457.8597921800015,0.6319522248530223,0.9639583333333334,0.1,35.769148745288355
2024-06-15 14:35:00+00:00,471.34712315697453,43.873005799360634,59.79810034408216,34.65590812145626,3.9790248378446376,137.89671919333614,17.20933748980078,1081.0699485901657,458.0354819006499,59.728252594225005,34.41406407431304,3.933855403748836,137.0468991913066,1086.285915110816,471.34712315697453,0.6610496078072514,0.9639236111111111,0.1,36.84361894233132
2024-06-15 14:40:00+00:00,514.8968925219139,42.300385431770025,59.88487020128313,34.782988245567175,4.329129717390422,150.58006807352658,17.202766596171763,1093.618287596293,560.4784983115608,60.52933377009604,34.915583060543774,4.409725142711204,151.02791380461898,1098.8715745945342,514.8968925219139,0.734332256672664,0.9638888888888889,0.1,37.925093564695466
2024-06-15 14:45:00+00:00,538.8421132126023,44.05583755255801,62.4259561702602,34.556790773223724,4.5137504115244225,155.98072857360197,17.027876533654666,1106.6166816440932,542.9043305233683,63.16771344248767,34.655892575198635,4.5176132571041645,156.23810824649107,1111.8914169484085,538.8421132126023,0.7820996737938404,0.9638541666666667,0.1,39.012947487425976
2024-06-15 14:50:00+00:00,512.1202985489047,44.75413033700441,62.15869110968732,34.509654821655005,4.300236878757442,148.3996903372704,17.045591775967445,1118.9833225055324,507.64481416469823,62.272526614276146,34.470049753474775,4.351647760849196,149.8245563779108,1124.3767966465678,512.1202985489047,0.7571156778923078,0.9638194444444445,0.1,40.10661759133027
2024-06-15 14:55:00+00:00,501.3659852317107,44.03501245181665,61.2523398170499,34.5824716710912,4.216236444375403,145.80787739623463,17.10713175031307,1131.1339789552187,513.8524978966424,60.98475224686991,34.68874201342432,4.244221683352118,149.88415130280703,1136.8671425884684,501.3659852317107,0.755630717003902,0.9637847222222222,0.1,41.20559644256531
2024-06-15 15:00:00+00:00,475.27534167136696,42.10443487242289,58.106039487450374,34.865290028803,4.014261806710046,139.95840214249247,17.322268720907402,1142.7971791337598,496.96926354223604,58.12667770101187,34.80043347126144,4.030112327446931,139.2895469601942,1148.4746048351512,475.27534167136696,0.7308930439608695,0.96375,0.1,42.30942460430774
2024-06-15 15:05:00+00:00,470.01112136312685,43.5166393951437,58.73846748074928,34.77449539754806,3.9700564655834967,138.0567102904392,17.278278298412694,1154.3019049912964,492.469713923246,59.15201135349517,34.7594164108677,3.925434581935255,143.3662100285626,1160.4217890041982,470.01112136312685,0.7382025952246507,0.9637152777777778,0.1,43.41768599090336
2024-06-15 15:10:00+00:00,429.58464875529074,44.32548145971354,59.30519082598023,34.568888148468446,3.6418260734514765,125.89387818932012,17.238796283544776,1164.7930615070732,433.922912614918,59.38373492538743,34.667908173126676,3.6343666154037377,122.02095113804562,1170.5902015990353,429.58464875529074,0.6897588697173898,0.9636805555555555,0.1,44.53000247742332
2024-06-15 15:15:00+00:00,429.6890685100371,41.64438239949004,56.102496666293845,34.93951468699741,3.6498513033233233,127.52403321782191,17.45777183652086,1175.420064275225,445.53141894449175,56.382100734015026,35.02544178830947,3.684039064757847,127.96536120618481,1181.2539816995506,429.6890685100371,0.7060327366411584,0.9636458333333333,0.1,45.64602912389597
2024-06-15 15:20:00+00:00,436.8481065066795,42.38246757325546,57.36219882314397,34.81974067580842,3.7048701267434985,129.0026170507581,17.370772873348507,1186.1702823627882,447.2174042425121,57.971253039625715,34.878037655816286,3.685552636527451,127.53321037304279,1191.8817492306375,436.8481065066795,0.7353333128058931,0.9636111111111111,0.1,46.765451435815834
2024-06-15 15:25:00+00:00,445.9422134909197,44.264614427626704,59.22824125542908,34.63589573484239,3.773931207835892,130.71348782507178,17.24220866062733,1197.0630730148775,447.1246731038423,58.32093710819268,34.698418608998665,3.719597890500489,131.76140989234125,1202.861866721666,445.9422134909197,0.769837634542496,0.9635763888888889,0.1,47.887980846547784
2024-06-15 15:30:00+00:00,425.4696188611482,43.58501122679887,57.96480851860709,34.70881201104367,3.611032098050567,125.33463425708175,17.328206804209618,1207.5076258696345,402.6409098358897,58.006197248766334,34.89641416628057,3.5619150365774166,122.64147189030137,1213.081989379191,425.4696188611482,0.7541605028477454,0.9635416666666666,0.1,49.013353005390286
2024-06-15 15:35:00+00:00,401.8666514399649,43.64977489420178,57.02464400108993,34.7280600806943,3.421376014032222,118.81775177395738,17.392036614810454,1217.409105184131,402.0548859958513,57.089387717334894,34.88069008384462,3.4920459609282557,117.14986859610431,1222.8444784288665,401.8666514399649,0.7322957967752995,0.9635069444444444,0.1,50.14132400580209
2024-06-15 15:40:00+00:00,381.56123113632674,45.01626489095316,57.5770313365974,34.58334392622836,3.2548748845725455,112.56445757001516,17.353541555754585,1226.789476648299,342.89891580249895,57.31260810730144,34.34208154180577,3.3346540143497383,112.62451480780662,1232.2298546628504,381.56123113632674,0.71571854896474,0.9634722222222222,0.1,51.271669329934475
2024-06-15 15:45:00+00:00,335.4072415401754,43.54040745230039,54.73155562676448,34.70714718718585,2.882899537472572,100.05721857293057,17.54797753488323,1235.127578196043,321.97338246680124,54.99556093369898,34.552291456522426,2.846928598380104,97.29824523423257,1240.338041765703,335.4072415401754,0.6485157196837578,0.9634375,0.1,52.4041806381357
2024-06-15 15:50:00+00:00,305.60777303420525,43.64098550903717,53.55424449313081,34.69443037640814,2.6397195795513935,91.58356716598719,17.6280485386077,1242.7595421265419,325.8783928675825,53.14646208874616,34.98403941530245,2.6386099556687084,97.87920973247117,1248.4946425767423,305.60777303420525,0.6099791693716616,0.9634027777777777,0.1,53.53866505724276
2024-06-15 15:55:00+00:00,277.31083439994495,45.6012863285859,55.30716553258397,34.34199120626145,2.403302203881049,82.53418315167174,17.507256651560894,1249.6373907225145,279.8467885068085,55.1129879199676,34.6522238705279,2.465364444595376,84.87136497211341,1255.5672563244184,277.31083439994495,0.572258565558171,0.9633680555555555,0.1,54.67494315358154
2024-06-15 16:00:00+00:00,279.23051805580684,42.58042407596946,51.455879133443695,34.78944987119118,2.42474757968232,84.35563437365022,17.770608220677232,1256.6670269203187,278.43990297708444,51.28236924113964,34.89895250868183,2.4393594101620146,86.01200354775948,1262.7349232867316,279.23051805580684,0.5967326838107168,0.9633333333333333,0.1,55.812847074368655
2024-06-15 16:05:00+00:00,260.771299672767,41.89632407243803,50.42955402301179,34.796472958907295,2.2728771979139424,79.08810995612947,17.840313592650734,1263.257702749996,247.5376791477321,51.37209910770928,34.740048003177264,2.2761774911447894,79.87802538512504,1269.3914254021586,260.771299672767,0.5781417017079841,0.963298611111111,0.1,56.95222036594335
2024-06-15 16:10:00+00:00,269.01213664017183,43.0183194105631,51.66428335403282,34.706465768326176,2.339548977798967,81.19747651130234,17.755043350004808,1270.024159125938,256.0505462593593,51.09943123104153,34.869493825966394,2.3704044081833557,82.21502481083097,1276.2426774697278,269.01213664017183,0.6199054055013429,0.9632638888888888,0.1,58.092915635806264
2024-06-15 16:15:00+00:00,255.9699407963056,42.9222175401118,51.68613440419288,34.62488576554696,2.2310997496847,77.25157396437316,17.752905747689294,1276.4617902896357,245.551206528379,51.61933679038225,34.76039060557903,2.175660959533389,76.95814717458761,1282.6558564009435,255.9699407963056,0.6143351431649542,0.9632291666666667,0.1,59.234794773411934
2024-06-15 16:20:00+00:00,232.83545527804404,41.845653006654715,49.70258641178759,34.69713636840609,2.0406625853507507,70.80514800581913,17.88820650725615,1282.3622192901207,211.82157427436675,50.208965536337836,34.38711185132431,2.0064165126138387,71.30807514712136,1288.598195996537,232.83545527804404,0.5832872897664563,0.9631944444444445,0.1,60.37772682601614
2024-06-15 16:25:00+00:00,224.63287548063192,41.22560441885249,48.55127048713842,34.768929740409654,1.973301783414399,68.60959106416031,17.96646323142384,1288.079685212134,190.41496363430213,48.85928211167654,34.7821393909854,2.0115532552006283,68.13324407883941,1294.2759663364402,224.63287548063192,0.588786344889668,0.9631597222222222,0.1,61.52158841196278
2024-06-15 16:30:00+00:00,236.3892076187615,44.45002448471119,52.22790622370221,34.437291457529454,2.067096523048977,71.18520543508336,17.713858715353638,1294.0117856650577,251.6841069479663,51.59275534417225,34.15694521584706,2.0771609744158397,69.06831440240444,1300.0316592033073,236.3892076187615,0.6499621862182536,0.963125,0.1,62.666261760700316
2024-06-15 16:35:00+00:00,246.9881862342275,42.345803818223956,50.41962318941942,34.7108092599186,2.1576722767371153,74.8945508432363,17.83713578158783,1300.2529982353274,271.61654160249856,50.46005701783363,34.61871918730384,2.180786335173438,74.51667943614794,1306.241382489653,246.9881862342275,0.7144009123797379,0.9630902777777778,0.1,63.811635120733165
2024-06-15 16:40:00+00:00,220.7719295994119,41.16211460666872,48.11800335241565,34.789658513665074,1.941222784576446,67.53447777436058,17.99420943992534,1305.8808713831907,211.02982224187605,47.19087048615117,34.795972227364324,1.9457965226127671,70.45527096144241,1312.1126550697732,220.7719295994119,0.6738521884148087,0.9630555555555556,0.1,64.95760169444233
2024-06-15 16:45:00+00:00,225.08366109617606,42.6824885695904,50.50172178678228,34.55321891453969,1.9745183829124742,68.22596593555762,17.83022407895476,1311.5663685444872,236.40697708970646,50.896723597895274,34.897292230297914,1.9099794755150192,68.88630515540802,1317.8531804993904,225.08366109617606,0.7274594853264247,0.9630208333333333,0.1,66.10405862390047
2024-06-15 16:50:00+00:00,217.43652513963045,41.52635087972978,48.393174491687525,34.734324720947754,1.9127961276812124,66.43968182385068,17.97405737312921,1317.1030086964747,198.76688609550106,48.70155776491867,34.31102567230527,1.9339885095222937,69.72747909984537,1323.6638037577109,217.43652513963045,0.7469532033039898,0.9629861111111111,0.1,67.2509075605714
2024-06-15 16:55:00+00:00,199.60847866173347,41.24839421221997,47.73262048789116,34.67055435123334,1.7635582627144513,61.14354259900803,18.018668347787717,1322.1983039130587,204.6690430330912,47.4416910752193,34.59927298302592,1.828496934522618,63.18703235875766,1328.9293897876073,199.60847866173347,0.7319469983292228,0.9629513888888889,0.1,68.39805296976515
2024-06-15 17:00:00+00:00,177.43310397352937,41.926233902593424,47.68733800694809,34.48599129983404,1.5762411562475922,54.358238800794815,18.0211211282609,1326.7281571464582,156.45502758548687,47.142345865908645,34.62248895651569,1.6020709628844414,58.9472508380085,1333.8416606907747,177.43310397352937,0.6978244707955525,0.9629166666666666,0.1,69.54540293118133
2024-06-15 17:05:00+00:00,170.99731755472646,39.93173523380874,45.78442015682038,34.63741413968255,1.523314498917097,52.76367516397449,18.150843780853585,1331.1251300767894,184.4441805734791,45.81632564703994,34.770887736659205,1.5599768947785198,53.23073624060614,1338.2775553774918,170.99731755472646,0.72519556939019,0.9628819444444444,0.1,70.6928675096211
2024-06-15 17:10:00+00:00,155.33981073806763,41.43293907245811,46.244070281196265,34.431256044581374,1.3896512893122746,47.847439354993554,18.118698888605994,1335.1124166897055,155.93057841000237,45.86490398045712,34.60145474261801,1.3427549769109606,48.20309864936509,1342.294480264939,155.33981073806763,0.7147851923604112,0.9628472222222222,0.1,71.84035961468021
2024-06-15 17:15:00+00:00,145.5957714995069,42.84706714363237,47.942919146115116,34.139747548266804,1.3051186464080142,44.55642110890529,18.001662552346453,1338.8254517821142,126.25623390708334,47.425471978113194,33.94101478409746,1.2926516577060099,43.741831228077565,1345.9396328672788,145.5957714995069,0.7320548113533377,0.9628125,0.1,72.98779342225309
2024-06-15 17:20:00+00:00,124.75303589801212,41.25126614937617,44.955523902996916,34.217903785072295,1.1283742057108894,38.61060000457259,18.20566328206726,1342.0430017824954,132.76867740797505,45.00073725891446,34.1920589797428,1.1056828919451251,41.08558817538026,1349.3634318818938,124.75303589801212,0.6910689643856703,0.9627777777777777,0.1,74.13508512493655
2024-06-15 17:25:00+00:00,112.82533188913649,40.25709914587306,44.07901222086109,34.150424773741236,1.025841548447922,35.03292463004898,18.26504950484657,1344.9624121683328,137.37329909540426,44.6014968323293,34.05791231937743,1.0005896905085983,34.193832627515526,1352.2129179341869,112.82533188913649,0.6952660086810627,0.9627430555555555,0.1,75.28215216164334
2024-06-15 17:30:00+00:00,100.6552156714884,39.971747580650245,42.98131565099798,34.08389932223589,0.9207153316583481,31.38156866868216,18.339582457349298,1347.577542890723,100.52197843270642,42.73126050356703,34.34595307008443,0.8897679374151727,32.70808003533349,1354.9385912704647,100.6552156714884,0.6979921927283387,0.9627083333333333,0.1,76.42891246050225
2024-06-15 17:35:00+00:00,83.16905225769659,39.91144686192713,42.35215590027849,33.84110604471868,0.7679965672722241,25.98985327503926,18.382016591877687,1349.7433639969763,82.3339660604813,41.87938790890305,33.81354768652136,0.7976543634777286,22.57717554650917,1356.820022566007,83.16905225769659,0.6580758969060414,0.962673611111111,0.1,77.57528523709352
2024-06-15 17:40:00+00:00,60.84383142260035,39.90822524911164,41.245374812079184,33.45038461309062,0.5707281403210672,19.091075803253652,18.457162094459793,1351.3342869805808,60.78382126957708,40.79926648569958,33.45399702960606,0.5984047032581323,18.17781578800907,1358.3348405483412,60.84383142260035,0.558765959461714,0.9626388888888888,0.1,78.72118949189978
2024-06-15 17:45:00+00:00,56.12746987731879,39.62232556441815,41.13145080237778,33.33128512894292,0.5285732225996463,17.61802479399303,18.464299244414036,1352.8024557134136,57.78337034316775,41.74217488673884,33.36949444392495,0.5708790011980684,20.533169427493135,1360.0459380006323,56.12746987731879,0.6111420230815521,0.9626041666666666,0.1,79.8665449787469
2024-06-15 17:50:00+00:00,44.900328869171155,40.752007916195986,41.997054066903395,32.87964633847965,0.4272595224624377,14.048141993312655,18.40434835415334,1353.9731342128564,63.426682286757526,41.48200279983662,32.6177565116285,0.5174314455503691,15.118819037229505,1361.305839587068,44.900328869171155,0.5956684841534521,0.9625694444444444,0.1,81.01127072019955
2024-06-15 17:55:00+00:00,37.66619720354456,37.93575022023571,38.88071779635257,32.91806563484698,0.3621418682181787,11.921009787132112,18.61711353662512,1354.9665516951175,56.81010246790718,38.33894205679698,33.0215853103823,0.3709305047177895,14.66369447790406,1362.5278141268934,37.66619720354456,0.6310084765955305,0.9625347222222222,0.1,82.15528598621849
2024-06-15 18:00:00+00:00,30.02432278244735,40.362000050412135,40.59463065560912,32.37688686449249,0.29163311420911453,9.44217234468812,18.4990651297361,1355.753399390508,0.0,40.903150255421835,32.155809831170096,0.3150966160484847,8.42872389298624,1363.2302077846423,30.02432278244735,0.6667152000536739,0.9625,0.1,83.29850881920044
2024-06-15 18:05:00+00:00,24.380112380559922,38.94921239513193,39.168442086156304,32.18825298873564,0.2394463965479072,7.7073611893251535,18.596066356481234,1356.3956794896185,42.27821981095516,39.244694423765644,32.22488422695344,0.24853405394193218,7.281181970445426,1363.836972948846,24.380112380559922,0.7682735833886896,0.9624652777777778,0.1,84.44085686304511
2024-06-15 18:10:00+00:00,13.926840745966304,39.53268530481068,39.616532226300286,31.261521245405962,0.1405981483650274,4.395312002178044,18.564710371150543,1356.7619554898,10.643343435372378,40.17602456210987,31.116425870550795,0.05998405541927217,1.0267613494621095,1363.9225363946346,13.926840745966304,0.6886662074959069,0.9624305555555556,0.1,85.58224665752611
2024-06-15 18:15:00+00:00,7.589434768244889,37.853610301770146,37.67835212364985,30.52826326666133,0.07901738512242576,2.412263535660582,18.696761929172318,1356.962977451105,32.36681660437374,37.82043180006527,30.767920218286015,0.02611685681437205,2.4142620670860837,1364.1237249002252,7.589434768244889,0.6888958330647418,0.9623958333333333,0.1,86.7225929334072
2024-06-15 18:20:00+00:00,2.948996566418145,40.132195422515736,40.127204574986735,29.006654200055497,0.03202311170194476,0.9288833275480624,18.528402630352115,1357.0403843950673,9.628140783914285,39.74245964343373,29.014234135404184,0.05555839573081028,2.6108252952670243,1364.3412936748307,2.948996566418145,0.6391962559748603,0.9623611111111111,0.1,87.86180943480046
2024-06-15 18:25:00+00:00,0.8038242861370392,39.8703551689005,39.301370468702416,27.779352761581755,0.009141841428081787,0.25395443792112626,14.938496348301545,1357.0615472648942,15.017943429823884,39.89446671607758,28.165541844903736,0.0,0.0,1364.3412936748307,0.8038242861370392,0.6796436512713127,0.9623263888888889,0.1,88.99980744273589
2024-06-15 18:30:00+00:00,0.05596564292687155,39.40374141703588,39.345654141462184,26.88547984773158,0.0006575243684683829,0.017677858157849145,1.0398740092852439,1357.0630204197407,0.0,38.66764895693612,26.438679525928382,0.0,0.22850598102160286,1364.360335839916,0.05596564292687155,0.6766872858924347,0.9622916666666667,0.1,90.13649673880637
2024-06-15 18:35:00+00:00,0.0,36.74718756875978,36.05923845230091,27.071023970006724,0.0,0.0,0.0,1357.0630204197407,0.0,36.34739961019848,27.345491676647644,0.0,0.0,1364.360335839916,0.0,0.733079171161841,0.9622569444444444,0.1,91.27178411862505
2024-06-15 18:40:00+00:00,0.0,38.90730236099707,38.375146962874254,26.87648765511856,0.0,0.0,0.0,1357.0630204197407,3.368164496168532,38.198403280844154,27.04848592840945,0.014473290724234037,0.0,1364.360335839916,0.0,0.7288667513817991,0.9622222222222222,0.1,92.4055743372678
2024-06-15 18:45:00+00:00,0.0,38.297810275364164,37.20107232547068,26.97510992466046,0.0,0.0,0.0,1357.0630204197407,14.237815453728873,37.76338676239827,27.03361653075626,0.0,0.032974635648358695,1364.3630837262199,0.0,0.7492903768621411,0.9621875,0.1,93.5377686070315
2024-06-15 18:50:00+00:00,0.0,36.101080948405894,35.87611483683697,27.086406353705694,0.0,0.0,0.0,1357.0630204197407,10.811819809783756,35.75623219485884,27.52784879094962,0.009420525124777706,1.5795174590114822,1364.4947101811374,0.0,0.7201759478008958,0.9621527777777777,0.1,94.66826536672303
2024-06-15 18:55:00+00:00,0.0,37.494163742508114,37.01982926526827,26.990334341717464,0.0,0.0,0.0,1357.0630204197407,11.51243643099437,37.21530278134567,26.704721972103854,0.009693873855163604,0.0,1364.4947101811374,0.0,0.7296403218512499,0.9621180555555555,0.1,95.7969595154771
2024-06-15 19:00:00+00:00,0.0,37.69390589495595,36.74433396972518,27.013475946543082,0.0,0.0,0.0,1357.0630204197407,3.150017191640168,36.60961726120021,27.05599251025217,0.0,1.433707717231922,1364.6141858242402,0.0,0.7311530362558417,0.9620833333333333,0.1,96.92374163583796
2024-06-15 19:05:00+00:00,0.0,37.695248304758714,36.89740089468586,27.00061832484639,0.0,0.0,0.0,1357.0630204197407,10.54820019311872,36.99232881311542,27.250061425386402,0.055185040526987486,2.343374172523162,1364.8094670052838,0.0,0.6965522996846845,0.9620486111111111,0.1,98.04849871231993
2024-06-15 19:10:00+00:00,0.0,37.125217892391774,36.79927090528675,27.00886124395591,0.0,0.0,0.0,1357.0630204197407,0.0,37.032586354701074,27.13030075157628,0.0,0.0,1364.8094670052838,0.0,0.6975197431587532,0.9620138888888888,0.1,99.17111256344342
2024-06-15 19:15:00+00:00,0.0,37.04704431499253,36.49105245789917,27.034751593536466,0.0,0.0,0.0,1357.0630204197407,0.0,36.26668293022282,26.95904528615818,0.0,0.0,1364.8094670052838,0.0,0.6914927577844671,0.9619791666666666,0.1,100.29146066891572
2024-06-15 19:20:00+00:00,0.0,38.03644499125547,37.5359451521517,26.946980607219253,0.0,0.0,0.0,1357.0630204197407,0.0,37.41380188309912,27.0765708817094,0.0,0.0,1364.8094670052838,0.0,0.6826960235018408,0.9619444444444444,0.1,101.40941456308467
2024-06-15 19:25:00+00:00,0.0,37.59514438561993,37.024655418771395,26.9899289448232,0.0,0.0,0.0,1357.0630204197407,0.0,37.7508590496787,26.90688461520226,0.051706773000018795,0.5028575118105546,1364.8513717979347,0.0,0.6539383578936661,0.9619097222222222,0.1,102.52484060979789
2024-06-15 19:30:00+00:00,0.0,33.30768077619773,32.98235088519394,27.32948252564371,0.0,0.0,0.0,1357.0630204197407,0.0,32.95144978518858,27.261333106859933,0.005501255532179249,0.0,1364.8513717979347,0.0,0.6743375087307251,0.9618749999999999,0.1,103.63759834872533
2024-06-15 19:35:00+00:00,0.0,35.66236331883,35.18469341950519,27.14448575276156,0.0,0.0,0.0,1357.0630204197407,0.5344777974712772,36.375500729378935,27.012081762865026,0.048206253429836005,0.18221096816458482,1364.8665560452816,0.0,0.6726351259260959,0.9618402777777777,0.1,104.74754105965883
2024-06-15 19:40:00+00:00,0.0,35.61975065718497,35.519263751004154,27.116381844915647,0.0,0.0,0.0,1357.0630204197407,15.397109100935506,35.51066983992365,27.327233810401214,0.010307249275055805,0.0,1364.8665560452816,0.0,0.6698109040131556,0.9618055555555556,0.1,105.85451479363155
2024-06-15 19:45:00+00:00,0.0,33.83652959034432,33.3027487273773,27.3025691069003,0.0,0.0,0.0,1357.0630204197407,0.6819081003477597,32.54144825691294,27.364997596371524,0.0,0.0,1364.8665560452816,0.0,0.6948531225009263,0.9617708333333334,0.1,106.95835737959865
2024-06-15 19:50:00+00:00,0.0,35.48675754452034,34.874252376164875,27.17056280040215,0.0,0.0,0.0,1357.0630204197407,0.0,33.93868793724384,27.673850183476443,0.0,0.7731538053946383,1364.9309855290646,0.0,0.7359111682202939,0.9617361111111111,0.1,108.05889887017358
2024-06-15 19:55:00+00:00,0.0,36.445091737721555,36.001946590882525,27.07583648636587,0.0,0.0,0.0,1357.0630204197407,20.32141852818857,36.686601518064876,27.245225836536946,0.0,0.0,1364.9309855290646,0.0,0.7759162789528296,0.9617013888888889,0.1,109.15595972510968
2024-06-15 20:00:00+00:00,0.0,33.91343214040941,33.81719486305561,27.259355631503325,0.0,0.0,0.0,1357.0630204197407,2.02984920643939,33.59060142817448,26.962672889805848,0.0019911943758757155,2.0576708669491452,1365.1024581013105,0.0,0.806622283401345,0.9616666666666667,0.1,110.24935131375493
2024-06-15 20:05:00+00:00,0.0,35.14006697337882,34.39293400766596,27.21099354335606,0.0,0.0,0.0,1357.0630204197407,11.39984418201885,33.8449256572814,27.37150619293623,0.012993905715809329,0.0,1365.1024581013105,0.0,0.8269248918359233,0.9616319444444444,0.1,111.33887401054915
2024-06-15 20:10:00+00:00,0.0,33.69160203641554,33.10047077691734,27.319560454738944,0.0,0.0,0.0,1357.0630204197407,0.0,33.92586506579807,27.101799717899727,0.0,0.0,1365.1024581013105,0.0,0.7965984806093692,0.9615972222222222,0.1,112.42431758710039
2024-06-15 20:15:00+00:00,0.0,33.73945981324904,33.42096358767429,27.29263905863536,0.0,0.0,0.0,1357.0630204197407,12.158880384122297,33.29133828645502,27.23740490529843,0.07053697150551418,0.0,1365.1024581013105,0.0,0.819289456663443,0.9615625,0.1,113.5054592047487
2024-06-15 20:20:00+00:00,0.0,35.692991949441115,35.26314206115063,27.137896066863345,0.0,0.0,0.0,1357.0630204197407,22.7689105643185,35.010299006963244,27.166123081525484,0.015225863052970336,0.8668864828767754,1365.1746986415503,0.0,0.8346534940265513,0.9615277777777778,0.1,114.58206353405153
2024-06-15 20:25:00+00:00,0.0,33.47764030622049,33.35280765691596,27.298364156819055,0.0,0.0,0.0,1357.0630204197407,0.0,33.715895146687934,27.08028794279867,0.0,0.0,1365.1746986415503,0.0,0.811583769086776,0.9614930555555555,0.1,115.6538813474076
2024-06-15 20:30:00+00:00,0.0,34.287476759030156,34.043829290974635,27.24031833955813,0.0,0.0,0.0,1357.0630204197407,18.19976330788653,34.02079688690149,27.139236597980148,0.07451286897759789,2.3043499756976966,1365.3667278061919,0.0,0.8225345885924494,0.9614583333333333,0.1,116.72064805059522
2024-06-15 20:35:00+00:00,0.0,31.759671408229764,31.39412424481905,27.4628935634352,0.0,0.0,0.0,1357.0630204197407,0.0,31.55536843510593,27.328125217940617,0.0,0.0,1365.3667278061919,0.0,0.8177306316516104,0.9614236111111111,0.1,117.78208356992785
2024-06-15 20:40:00+00:00,0.0,35.29948396239251,34.49237875932247,27.20264018421691,0.0,0.0,0.0,1357.0630204197407,0.0,34.539278930301094,27.230822960291746,0.019893729770287916,0.0,1365.3667278061919,0.0,0.7976120825633919,0.9613888888888888,0.1,118.83789000787228
2024-06-15 20:45:00+00:00,0.0,33.84683954816135,33.50671539588322,27.28543590674581,0.0,0.0,0.0,1357.0630204197407,0.0,33.10376805420494,27.270732563620673,0.0,0.6932280469823362,1365.424496810107,0.0,0.7577481533018116,0.9613541666666666,0.1,119.88775149337383
2024-06-15 20:50:00+00:00,0.0,32.86954363190682,32.20949021707463,27.39440282176573,0.0,0.0,0.0,1357.0630204197407,31.083747066692755,31.67233166836967,27.3735672157892,0.07883078713498103,0.0,1365.424496810107,0.0,0.7678015891126653,0.9613194444444444,0.1,120.93133166712764
2024-06-15 20:55:00+00:00,0.0,33.436373479064336,33.07095252977973,27.3220399874985,0.0,0.0,0.0,1357.0630204197407,0.0,33.46531111445103,27.66330425236588,0.041925979622124875,0.7325483329004625,1365.4855425045155,0.0,0.7343988271729945,0.9612847222222222,0.1,121.96827332635922
2024-06-15 21:00:00+00:00,0.0,31.260809165129505,30.698822274916537,27.521298928907008,0.0,0.0,0.0,1357.0630204197407,0.0,30.871958492290286,27.629789352084586,0.0,1.657886866754727,1365.6236997434116,0.0,0.7522591947683338,0.9612499999999999,0.1,122.99819571927898
2024-06-15 21:05:00+00:00,0.0,33.664069615473736,33.19941849100969,27.311248846755188,0.0,0.0,0.0,1357.0630204197407,0.3534460633662719,33.08081867280171,27.39784606482774,0.05044100222492595,0.4679219935532476,1365.6626932428744,0.0,0.7641443151155562,0.9612152777777777,0.1,124.02069382508193
2024-06-15 21:10:00+00:00,0.0,31.969663028965105,31.25139887894192,27.474882494168877,0.0,0.0,0.0,1357.0630204197407,9.521201983009524,29.836333280864785,27.694342305125197,0.0,0.0,1365.6626932428744,0.0,0.7813073970192561,0.9611805555555555,0.1,125.03533612264857
2024-06-15 21:15:00+00:00,0.0,31.90297529722311,31.53667813177775,27.450919036930667,0.0,0.0,0.0,1357.0630204197407,0.0,31.16098826987342,27.82337526925125,0.04191796214163513,0.0,1365.6626932428744,0.0,0.7144286797716416,0.9611458333333333,0.1,126.04166225974342
2024-06-15 21:20:00+00:00,0.0,31.430163095103502,31.32329515760411,27.468843206761253,0.0,0.0,0.0,1357.0630204197407,6.183481699700623,31.23420538175887,27.748492260926298,0.0,0.0,1365.6626932428744,0.0,0.763137188607979,0.9611111111111111,0.1,127.03918195597652
2024-06-15 21:25:00+00:00,0.0,31.157406252701097,31.002893510542005,27.495756945114472,0.0,0.0,0.0,1357.0630204197407,0.0,31.602909295528498,27.284747745613487,0.0,1.9077492385209458,1365.8216723460846,0.0,0.7003333368708864,0.9610763888888889,0.1,128.02737175635644
2024-06-15 21:30:00+00:00,0.0,32.2505197203426,31.88348909382829,27.421786916118425,0.0,0.0,0.0,1357.0630204197407,11.349239334026214,32.10160433364966,27.527412822554886,0.04925313863769495,0.0,1365.8216723460846,0.0,0.6992870300615976,0.9610416666666667,0.1,129.0056738155129
2024-06-15 21:35:00+00:00,0.0,31.63118664137559,31.4434516340451,27.45875006274021,0.0,0.0,0.0,1357.0630204197407,15.588107363093787,32.31940567937534,27.613517506557887,0.03896505765124633,0.0,1365.8216723460846,0.0,0.6467652405718463,0.9610069444444445,0.1,129.97349243781673
2024-06-15 21:40:00+00:00,0.0,31.848183785736747,31.24563078181686,27.47536701432738,0.0,0.0,0.0,1357.0630204197407,0.0,30.172243987900924,27.668105693551652,0.009860169440675512,1.7401181374118904,1365.9666821908688,0.0,0.6708023922380221,0.9609722222222222,0.1,130.93019262063046
2024-06-15 21:45:00+00:00,0.0,31.010607098543414,30.627049139757933,27.527327872260333,0.0,0.0,0.0,1357.0630204197407,0.0,30.2310361720481,27.499107646933005,0.014519648728283414,1.186110974956798,1366.0655247721152,0.0,0.624573346622101,0.9609375,0.1,131.8750964172523
2024-06-15 21:50:00+00:00,0.0,31.357462291961877,30.26381065445527,27.557839905025755,0.0,0.0,0.0,1357.0630204197407,5.7092574336763215,30.34276892747407,27.572238238770797,0.020383683260474947,2.1095447403717857,1366.2413201671461,0.0,0.6938176520923133,0.9609027777777778,0.1,132.80748116320882
2024-06-15 21:55:00+00:00,0.0,30.25225233580047,30.186680984584754,27.564318797294877,0.0,0.0,0.0,1357.0630204197407,4.7530382548798675,29.47948444410948,27.387089216593935,0.0,0.0,1366.2413201671461,0.0,0.7023119455345197,0.9608680555555555,0.1,133.72657636222488
2024-06-15 22:00:00+00:00,0.0,32.72973184140955,32.178823546732104,27.3969788220745,0.0,0.0,0.0,1357.0630204197407,7.711768730281904,32.16524879053708,27.32326932755948,0.028231681565326013,2.234209524603142,1366.4275042941963,0.0,0.7364015809798979,0.9608333333333333,0.1,134.63156058375256
2024-06-15 22:05:00+00:00,0.0,28.76311026012481,28.54509851600123,27.702211724655893,0.0,0.0,0.0,1357.0630204197407,0.0,28.726951721821486,27.46892982989998,0.0,0.0,1366.4275042941963,0.0,0.7703476633196574,0.9607986111111111,0.1,135.5215596115221
2024-06-15 22:10:00+00:00,0.0,31.425240848441568,31.048591183537237,27.491918340582867,0.0,0.0,0.0,1357.0630204197407,0.0,31.27397689469604,27.746719631202378,0.0,0.0,1366.4275042941963,0.0,0.8089071697964797,0.9607638888888889,0.1,136.39564284868976
2024-06-15 22:15:00+00:00,0.0,31.367775353544552,30.832420485209415,27.51007667924241,0.0,0.0,0.0,1357.0630204197407,0.0,31.27228654734907,27.40618249102786,0.023381965732374915,1.5357324997664912,1366.5554820025102,0.0,0.7806167185607309,0.9607291666666666,0.1,137.25282180369047
2024-06-15 22:20:00+00:00,0.0,28.985653266874994,28.985653266874994,27.6652051255825,0.0,0.0,0.0,1357.0630204197407,20.22412108496067,28.106141198177447,27.478668520961843,0.01960997417595231,0.6661934579094586,1366.6109981240027,0.0,0.7815217040395441,0.9606944444444444,0.1,138.0920469271042
2024-06-15 22:25:00+00:00,0.0,31.907486775283733,31.348280246086727,27.466744459328712,0.0,0.0,0.0,1357.0630204197407,0.0,30.710354162650166,27.525811986014066,0.0,0.0,1366.6109981240027,0.0,0.8043665548469112,0.9606597222222222,0.1,138.91220665226436
2024-06-15 22:30:00+00:00,0.0,30.516637421866832,29.54091055629829,27.618563513270942,0.0,0.0,0.0,1357.0630204197407,0.0,29.412489368166547,27.63991977074605,0.0,0.0,1366.6109981240027,0.0,0.7940314655733707,0.960625,0.1,139.71212508940303
2024-06-15 22:35:00+00:00,0.0,30.337827757166384,29.951187331758533,27.584100264132285,0.0,0.0,0.0,1357.0630204197407,0.0,30.015754452585206,27.446848883964815,0.06613516412654684,1.2782331131169486,1366.7175175500956,0.0,0.7939749661030121,0.9605902777777777,0.1,140.4905620141762
2024-06-15 22:40:00+00:00,0.0,29.24293369984702,28.67798173564564,27.691049534205767,0.0,0.0,0.0,1357.0630204197407,0.0,28.140396640817897,27.76637801167072,0.0,0.0,1366.7175175500956,0.0,0.8161483351268264,0.9605555555555555,0.1,141.24621252326216
2024-06-15 22:45:00+00:00,0.0,28.848661505880703,28.092431082599354,27.74023578906165,0.0,0.0,0.0,1357.0630204197407,17.784447391958157,27.725449003212017,27.614997655891383,0.0,1.0909301629218244,1366.8084283970059,0.0,0.7915071885473202,0.9605208333333333,0.1,141.97770771748753
2024-06-15 22:50:00+00:00,0.0,28.710279304419455,28.251267679426203,27.726893514928197,0.0,0.0,0.0,1357.0630204197407,0.0,28.010542458216342,27.82888726150635,0.0,0.0,1366.8084283970059,0.0,0.7542798365591623,0.960486111111111,0.1,142.68361756109644
2024-06-15 22:55:00+00:00,0.0,29.166913094279096,28.812153141411965,27.679779136121393,0.0,0.0,0.0,1357.0630204197407,1.525515553697814,29.155830925703093,27.67437797404447,0.039972738037374,1.0300129107142006,1366.894262806232,0.0,0.7615264616425694,0.9604513888888888,0.1,143.36245366283822
2024-06-15 23:00:00+00:00,0.0,30.037225244354975,30.037225244354975,27.57687307947418,0.0,0.0,0.0,1357.0630204197407,7.478206205915839,30.203018852291496,27.620353048480617,0.0,0.0,1366.894262806232,0.0,0.7526182915322399,0.9604166666666666,0.1,144.012675234904
2024-06-15 23:05:00+00:00,0.0,28.68003855932362,28.019790879474876,27.74633756612411,0.0,0.0,0.0,1357.0630204197407,29.853723343314233,28.475936081437936,27.670125858474332,0.0,3.19649787344519,1367.1606376290192,0.0,0.7321841062575536,0.9603819444444445,0.1,144.63269543331603
2024-06-15 23:10:00+00:00,0.0,27.45306034557159,26.981352448003815,27.833566394367676,0.0,0.0,0.0,1357.0630204197407,10.07496407653539,27.139078088906757,27.699676908126396,0.0,0.0,1367.1606376290192,0.0,0.715268377796478,0.9603472222222222,0.1,145.22089119851415
2024-06-15 23:15:00+00:00,0.0,29.057868795074185,28.811039757921225,27.679872660334613,0.0,0.0,0.0,1357.0630204197407,20.250465304908143,30.148969118320196,27.7308862750344,0.0,0.0,1367.1606376290192,0.0,0.7585455160014003,0.9603125,0.1,145.7756139874291
2024-06-15 23:20:00+00:00,0.0,29.026750758323992,28.495101580754568,27.706411467216615,0.0,0.0,0.0,1357.0630204197407,0.463632352129201,28.3290115320383,27.392178109832816,0.03343131352968312,0.0,1367.1606376290192,0.0,0.761981029633576,0.9602777777777778,0.1,146.29520410490883
2024-06-15 23:25:00+00:00,0.0,28.63569918061185,28.281619269813397,27.72434398133567,0.0,0.0,0.0,1357.0630204197407,0.0,28.28639626557009,28.001292001159545,0.0,1.0983347104173655,1367.252165521554,0.0,0.692928031380954,0.9602430555555556,0.1,146.7780066266007
2024-06-15 23:30:00+00:00,0.0,28.60531884390387,28.23742537668275,27.728056268358646,0.0,0.0,0.0,1357.0630204197407,0.0,28.28469564131773,27.636918088975914,0.0,0.0,1367.252165521554,0.0,0.7126768392784729,0.9602083333333333,0.1,147.22238975288622
2024-06-15 23:35:00+00:00,0.0,27.471070431434846,26.81949764240767,27.84716219803775,0.0,0.0,0.0,1357.0630204197407,0.0,27.537336163085534,28.262497710895303,0.0,3.1083788534300094,1367.511197092673,0.0,0.6893939851500802,0.9601736111111111,0.1,147.62676592734408
2024-06-15 23:40:00+00:00,0.0,26.698642434268493,26.533238037099455,27.87120800488364,0.0,0.0,0.0,1357.0630204197407,1.8291845781705034,27.762598959453967,28.00556740909869,0.0,0.0,1367.511197092673,0.0,0.6154947660164423,0.9601388888888889,0.1,147.98961384624
2024-06-15 23:45:00+00:00,0.0,26.648580058636313,25.886751237117874,27.925512896082097,0.0,0.0,0.0,1357.0630204197407,0.0,26.021911524997154,27.906917392699775,0.0,3.2894548026829327,1367.7853183262298,0.0,0.6352095943297564,0.9601041666666666,0.1,148.3095026799101
2024-06-15 23:50:00+00:00,0.0,25.774013739226174,25.623435280005776,27.94763143647951,0.0,0.0,0.0,1357.0630204197407,0.0,25.763466574835213,27.827052520168408,0.011545555823360787,0.0,1367.7853183262298,0.0,0.6671463878063398,0.9600694444444444,0.1,148.5851161131435
2024-06-15 23:55:00+00:00,0.0,27.54274177548943,27.208417127578244,27.814492961283428,0.0,0.0,0.0,1357.0630204197407,27.140257455297757,27.847219308574193,27.9183350756332,0.0,0.012799513529860418,1367.7863849523574,0.0,0.6133969610903856,0.9600347222222222,0.1,148.8152769511675
